[results]
loss=2.793769
err=0.4856758
elapsed_time_chunk=141.965750
