[results]
loss=2.4161925
err=0.43312567
elapsed_time_chunk=132.777531
