[results]
loss=1.2363622
err=0.23706551
elapsed_time_chunk=130.593001
