[results]
loss=0.71942645
err=0.13115013
elapsed_time_chunk=134.910265
