[results]
loss=0.8783554
err=0.16647747
elapsed_time_chunk=135.889714
