[results]
loss=4.566874
err=0.6966474
elapsed_time_chunk=146.595219
