[results]
loss=5.4439383
err=0.77395433
elapsed_time_chunk=127.689429
