[results]
loss=2.6340046
err=0.45798832
elapsed_time_chunk=136.316985
