[results]
loss=1.2202051
err=0.23328143
elapsed_time_chunk=134.931827
