[results]
loss=0.7529768
err=0.13936433
elapsed_time_chunk=142.299024
