[results]
loss=0.7308917
err=0.1353421
elapsed_time_chunk=123.474990
