[results]
loss=3.3117282
err=0.55218375
elapsed_time_chunk=142.522170
