[results]
loss=2.9821727
err=0.51171905
elapsed_time_chunk=135.635149
