[results]
loss=0.78171474
err=0.14404029
elapsed_time_chunk=136.950922
