[results]
loss=0.73140436
err=0.13296613
elapsed_time_chunk=142.796530
