[results]
loss=1.7323277
err=0.32205456
elapsed_time_chunk=142.378456
