[results]
loss=2.2383857
err=0.40858003
elapsed_time_chunk=132.809548
