[results]
loss=0.7252064
err=0.13182734
elapsed_time_chunk=138.197479
