[results]
loss=3.7482638
err=0.6044976
elapsed_time_chunk=139.151875
