[results]
loss=0.7255136
err=0.13249049
elapsed_time_chunk=139.421621
