[results]
loss=1.1219835
err=0.21674097
elapsed_time_chunk=134.438509
