[results]
loss=6.9454465
err=0.86836123
elapsed_time_chunk=134.729559
