[results]
loss=1.7535384
err=0.32689664
elapsed_time_chunk=144.720358
