[results]
loss=3.0178597
err=0.51424366
elapsed_time_chunk=138.926475
