[results]
loss=0.72025293
err=0.13183534
elapsed_time_chunk=128.446326
