[results]
loss=1.2472031
err=0.23925923
elapsed_time_chunk=121.877876
