[results]
loss=0.7276453
err=0.13315746
elapsed_time_chunk=125.570495
