[results]
loss=0.73079616
err=0.13329859
elapsed_time_chunk=125.568254
