[results]
loss=0.71298516
err=0.13156429
elapsed_time_chunk=139.603661
