[results]
loss=0.87939286
err=0.1648364
elapsed_time_chunk=143.107271
