[results]
loss=2.8828225
err=0.49581355
elapsed_time_chunk=136.365632
