[results]
loss=0.9737273
err=0.18690997
elapsed_time_chunk=139.122811
