[results]
loss=0.779361
err=0.14427559
elapsed_time_chunk=132.151672
