[results]
loss=0.7246395
err=0.13253933
elapsed_time_chunk=135.260932
