[results]
loss=0.75556505
err=0.14013499
elapsed_time_chunk=121.203643
