[results]
loss=1.5655143
err=0.29792544
elapsed_time_chunk=142.276812
