[results]
loss=0.76027316
err=0.1387723
elapsed_time_chunk=141.856768
