[results]
loss=0.72522753
err=0.13234495
elapsed_time_chunk=144.618482
