[results]
loss=3.0181189
err=0.51282096
elapsed_time_chunk=145.830513
