[results]
loss=1.0514612
err=0.19969988
elapsed_time_chunk=136.716526
