[results]
loss=1.4437323
err=0.27256882
elapsed_time_chunk=129.378728
