[results]
loss=0.96015865
err=0.18040381
elapsed_time_chunk=132.241378
