[results]
loss=0.73157287
err=0.13434836
elapsed_time_chunk=144.078129
