[results]
loss=4.482545
err=0.6885639
elapsed_time_chunk=144.358841
