[results]
loss=3.729909
err=0.6055549
elapsed_time_chunk=133.171162
