[results]
loss=2.4721434
err=0.44074753
elapsed_time_chunk=135.366554
