[results]
loss=1.7768928
err=0.33177266
elapsed_time_chunk=137.296971
