[results]
loss=2.498522
err=0.44729626
elapsed_time_chunk=140.162299
