[results]
loss=4.8051953
err=0.71730185
elapsed_time_chunk=143.977613
