[results]
loss=1.5809761
err=0.30072203
elapsed_time_chunk=128.571354
