[results]
loss=0.76671255
err=0.14129849
elapsed_time_chunk=144.926641
