[results]
loss=0.9607458
err=0.18517138
elapsed_time_chunk=133.676376
