[results]
loss=0.731753
err=0.13279113
elapsed_time_chunk=133.576965
