[results]
loss=0.7296645
err=0.13442054
elapsed_time_chunk=121.508378
