[results]
loss=1.1360595
err=0.21935183
elapsed_time_chunk=141.035470
