[results]
loss=1.0779061
err=0.20592329
elapsed_time_chunk=139.398331
