[results]
loss=0.7175576
err=0.1307251
elapsed_time_chunk=133.774265
