[results]
loss=0.71445435
err=0.13094209
elapsed_time_chunk=123.320538
