[results]
loss=0.7286776
err=0.13334209
elapsed_time_chunk=128.317808
