[results]
loss=1.1338171
err=0.21708718
elapsed_time_chunk=145.797561
