[results]
loss=1.7640079
err=0.33072
elapsed_time_chunk=148.385364
