[results]
loss=0.8919527
err=0.17116791
elapsed_time_chunk=131.790474
