[results]
loss=4.375461
err=0.6748594
elapsed_time_chunk=133.727185
