[results]
loss=0.72231346
err=0.13064867
elapsed_time_chunk=132.716746
