[results]
loss=6.1476507
err=0.8254293
elapsed_time_chunk=134.150409
