[results]
loss=2.1524189
err=0.38818285
elapsed_time_chunk=127.504110
