[results]
loss=3.7123961
err=0.6024907
elapsed_time_chunk=140.502914
