[results]
loss=1.2441167
err=0.23965484
elapsed_time_chunk=137.220194
