[results]
loss=2.290372
err=0.4187504
elapsed_time_chunk=141.494962
