[results]
loss=0.73606914
err=0.13429426
elapsed_time_chunk=137.426210
