[results]
loss=0.7306592
err=0.13351248
elapsed_time_chunk=125.787091
