[results]
loss=0.77618337
err=0.14500123
elapsed_time_chunk=128.017357
