[results]
loss=0.7167128
err=0.1308677
elapsed_time_chunk=132.492384
