[results]
loss=3.3304808
err=0.55632454
elapsed_time_chunk=129.041703
