[results]
loss=0.69776386
err=0.1268229
elapsed_time_chunk=139.973852
