[results]
loss=0.8217038
err=0.15436952
elapsed_time_chunk=134.415680
