[results]
loss=0.76099354
err=0.14130096
elapsed_time_chunk=135.093045
