[results]
loss=5.7155232
err=0.7912829
elapsed_time_chunk=130.032314
