[results]
loss=8.869202
err=0.9252384
elapsed_time_chunk=145.043087
