[results]
loss=3.7829587
err=0.60769844
elapsed_time_chunk=142.814409
