[results]
loss=2.195746
err=0.4006211
elapsed_time_chunk=138.764656
