[results]
loss=0.7232201
err=0.13326469
elapsed_time_chunk=118.982498
