[results]
loss=0.7367009
err=0.13447158
elapsed_time_chunk=128.456746
