[results]
loss=2.7296999
err=0.47896308
elapsed_time_chunk=139.779180
