[results]
loss=0.7424609
err=0.13715632
elapsed_time_chunk=131.905418
