[results]
loss=3.2598248
err=0.54519105
elapsed_time_chunk=143.854403
