[results]
loss=0.78576595
err=0.14549235
elapsed_time_chunk=129.439956
