[results]
loss=2.7078238
err=0.47417924
elapsed_time_chunk=145.401206
