[results]
loss=0.73337483
err=0.13438497
elapsed_time_chunk=138.594984
