[results]
loss=0.9020273
err=0.17139673
elapsed_time_chunk=137.536626
