[results]
loss=1.4958911
err=0.28639826
elapsed_time_chunk=143.059945
