[results]
loss=0.7495742
err=0.13925947
elapsed_time_chunk=142.266735
