[results]
loss=0.81732297
err=0.15211259
elapsed_time_chunk=130.033025
