[results]
loss=0.7113068
err=0.12840147
elapsed_time_chunk=134.739341
