[results]
loss=2.2966685
err=0.41677868
elapsed_time_chunk=138.341856
