[results]
loss=0.711687
err=0.129454
elapsed_time_chunk=123.288568
