[results]
loss=0.8276899
err=0.15316875
elapsed_time_chunk=150.553373
