[results]
loss=0.72767234
err=0.1327288
elapsed_time_chunk=127.662458
