[results]
loss=1.4582921
err=0.27619788
elapsed_time_chunk=134.046987
