[results]
loss=0.732212
err=0.13302532
elapsed_time_chunk=124.146270
