[results]
loss=0.9557141
err=0.17995615
elapsed_time_chunk=142.305219
