[results]
loss=3.3149884
err=0.55407715
elapsed_time_chunk=148.393378
