[results]
loss=1.2415742
err=0.23482744
elapsed_time_chunk=140.333516
