[results]
loss=3.3280988
err=0.5542021
elapsed_time_chunk=133.709275
