[results]
loss=0.813914
err=0.15303132
elapsed_time_chunk=132.415777
