[results]
loss=0.8884717
err=0.16903678
elapsed_time_chunk=130.320664
