[results]
loss=2.6481478
err=0.46541786
elapsed_time_chunk=135.530710
