[results]
loss=3.7693377
err=0.6074762
elapsed_time_chunk=139.554880
