[results]
loss=0.94240993
err=0.17867425
elapsed_time_chunk=138.391246
