[results]
loss=1.7378535
err=0.323779
elapsed_time_chunk=143.892483
