[results]
loss=4.670699
err=0.7069532
elapsed_time_chunk=142.158371
