[results]
loss=0.76743203
err=0.14149792
elapsed_time_chunk=132.542686
