[results]
loss=2.518894
err=0.44806778
elapsed_time_chunk=133.609114
