[results]
loss=0.7413921
err=0.13691506
elapsed_time_chunk=134.273615
