[results]
loss=0.72571474
err=0.13153276
elapsed_time_chunk=130.542947
