[results]
loss=3.0099018
err=0.5157188
elapsed_time_chunk=144.071841
