[results]
loss=0.733363
err=0.13376814
elapsed_time_chunk=127.234142
