[results]
loss=0.80778515
err=0.15172222
elapsed_time_chunk=133.124658
