[results]
loss=0.75486135
err=0.13881242
elapsed_time_chunk=141.574962
