[results]
loss=2.3794172
err=0.42117274
elapsed_time_chunk=142.353836
