[results]
loss=0.8061659
err=0.14759247
elapsed_time_chunk=118.044441
