[results]
loss=0.9620854
err=0.1811945
elapsed_time_chunk=116.739837
