[results]
loss=0.80216134
err=0.14715001
elapsed_time_chunk=120.212932
