[results]
loss=1.062627
err=0.20115031
elapsed_time_chunk=118.338051
