[results]
loss=0.8833077
err=0.16560476
elapsed_time_chunk=116.833600
