[results]
loss=0.7902084
err=0.14391622
elapsed_time_chunk=117.525771
