[results]
loss=3.684473
err=0.60023385
elapsed_time_chunk=118.053882
