[results]
loss=1.1930276
err=0.22559993
elapsed_time_chunk=118.853205
