[results]
loss=1.0444387
err=0.19606747
elapsed_time_chunk=120.086032
