[results]
loss=0.7964647
err=0.14544539
elapsed_time_chunk=117.449095
