[results]
loss=5.3689036
err=0.7622775
elapsed_time_chunk=109.376015
