[results]
loss=1.3461088
err=0.25228497
elapsed_time_chunk=118.560527
