[results]
loss=1.9503851
err=0.35494453
elapsed_time_chunk=117.543109
