[results]
loss=0.8042575
err=0.14543226
elapsed_time_chunk=117.124263
