[results]
loss=1.3807127
err=0.26048648
elapsed_time_chunk=120.439141
