[results]
loss=1.6553509
err=0.31353515
elapsed_time_chunk=118.069818
