[results]
loss=0.79798377
err=0.14531349
elapsed_time_chunk=117.752618
