[results]
loss=0.973288
err=0.18705906
elapsed_time_chunk=117.687953
