[results]
loss=0.82586795
err=0.1530202
elapsed_time_chunk=116.705436
