[results]
loss=2.541723
err=0.44620445
elapsed_time_chunk=117.446944
