[results]
loss=1.1700202
err=0.22061089
elapsed_time_chunk=118.745958
