[results]
loss=0.9531551
err=0.17661321
elapsed_time_chunk=115.890539
