[results]
loss=0.80090314
err=0.14736758
elapsed_time_chunk=119.202168
