[results]
loss=0.80599755
err=0.14877148
elapsed_time_chunk=118.840633
