[results]
loss=0.78669685
err=0.14417568
elapsed_time_chunk=118.535893
