[results]
loss=0.7992201
err=0.14562055
elapsed_time_chunk=117.619341
