[results]
loss=0.8005541
err=0.14567848
elapsed_time_chunk=118.690409
