[results]
loss=0.8021181
err=0.14557603
elapsed_time_chunk=115.562495
