[results]
loss=0.79144806
err=0.14380239
elapsed_time_chunk=114.880570
