[results]
loss=0.79657704
err=0.1450779
elapsed_time_chunk=116.948619
