[results]
loss=1.0393767
err=0.19428195
elapsed_time_chunk=116.661130
