[results]
loss=0.8337623
err=0.15349735
elapsed_time_chunk=118.237978
