[results]
loss=4.4247684
err=0.6864585
elapsed_time_chunk=123.208323
