[results]
loss=1.2322482
err=0.23525998
elapsed_time_chunk=118.990546
