[results]
loss=5.997084
err=0.8155327
elapsed_time_chunk=111.326344
