[results]
loss=0.7872016
err=0.14376338
elapsed_time_chunk=115.401323
