[results]
loss=5.6278825
err=0.79114753
elapsed_time_chunk=112.477306
