[results]
loss=4.79748
err=0.71492773
elapsed_time_chunk=135.779809
