[results]
loss=0.7945437
err=0.14497381
elapsed_time_chunk=117.422404
