[results]
loss=1.9014052
err=0.3544379
elapsed_time_chunk=115.938734
