[results]
loss=0.8103366
err=0.148272
elapsed_time_chunk=115.704481
