[results]
loss=0.8075158
err=0.14923944
elapsed_time_chunk=117.770377
