[results]
loss=2.6902895
err=0.4735642
elapsed_time_chunk=118.163649
