[results]
loss=0.97002167
err=0.18383677
elapsed_time_chunk=117.971084
