[results]
loss=0.8375087
err=0.15497501
elapsed_time_chunk=116.186623
