[results]
loss=0.8440263
err=0.15650472
elapsed_time_chunk=118.105744
