[results]
loss=0.8167357
err=0.1502389
elapsed_time_chunk=119.076927
