[results]
loss=0.8015676
err=0.14643845
elapsed_time_chunk=116.972958
