[results]
loss=2.7374694
err=0.48027453
elapsed_time_chunk=116.588603
