[results]
loss=0.7781011
err=0.14279297
elapsed_time_chunk=117.712533
