[results]
loss=0.7998991
err=0.1471619
elapsed_time_chunk=116.669094
