[results]
loss=0.8573456
err=0.1570714
elapsed_time_chunk=118.798659
