[results]
loss=2.8406563
err=0.48975688
elapsed_time_chunk=119.340493
