[results]
loss=0.8052673
err=0.14779978
elapsed_time_chunk=116.257344
