[results]
loss=2.4342628
err=0.43872055
elapsed_time_chunk=113.535160
