[results]
loss=3.2223406
err=0.53799355
elapsed_time_chunk=117.031616
