[results]
loss=0.8066702
err=0.14706405
elapsed_time_chunk=118.223294
