[results]
loss=0.8813966
err=0.16268203
elapsed_time_chunk=117.513716
