[results]
loss=0.7886937
err=0.14403129
elapsed_time_chunk=116.203140
