[results]
loss=2.6209846
err=0.46305302
elapsed_time_chunk=118.828992
