[results]
loss=3.7236347
err=0.5991225
elapsed_time_chunk=148.747165
