[results]
loss=3.2559195
err=0.5497525
elapsed_time_chunk=116.891424
