[results]
loss=0.9755747
err=0.18338259
elapsed_time_chunk=120.343697
