[results]
loss=1.3416842
err=0.2525476
elapsed_time_chunk=119.343420
