[results]
loss=1.2354709
err=0.23678668
elapsed_time_chunk=118.290360
