[results]
loss=0.8119979
err=0.14954908
elapsed_time_chunk=118.860543
