[results]
loss=3.2635589
err=0.55495745
elapsed_time_chunk=118.233792
