[results]
loss=0.80759686
err=0.14846578
elapsed_time_chunk=119.410495
