[results]
loss=8.819389
err=0.9274965
elapsed_time_chunk=117.169915
