[results]
loss=6.7832766
err=0.86235696
elapsed_time_chunk=113.249768
