[results]
loss=1.6186028
err=0.3031594
elapsed_time_chunk=116.806534
