[results]
loss=0.8039585
err=0.14774701
elapsed_time_chunk=117.557726
