[results]
loss=0.81743366
err=0.15061827
elapsed_time_chunk=117.517580
