[results]
loss=1.8908511
err=0.34651616
elapsed_time_chunk=118.121769
