[results]
loss=1.8684161
err=0.3451668
elapsed_time_chunk=115.156864
