[results]
loss=0.79632485
err=0.14647125
elapsed_time_chunk=116.961809
