[results]
loss=1.0326633
err=0.1955644
elapsed_time_chunk=117.124172
