[results]
loss=3.0100615
err=0.5136595
elapsed_time_chunk=117.613733
