[results]
loss=0.897183
err=0.1686778
elapsed_time_chunk=118.944337
