[results]
loss=0.78574854
err=0.14414242
elapsed_time_chunk=116.545799
