[results]
loss=0.83432
err=0.15444103
elapsed_time_chunk=116.422478
