[results]
loss=4.616084
err=0.7011743
elapsed_time_chunk=119.549110
