[results]
loss=2.9333775
err=0.5056213
elapsed_time_chunk=115.243121
