[results]
loss=0.7920583
err=0.14502159
elapsed_time_chunk=117.520784
