[results]
loss=1.3237665
err=0.25071043
elapsed_time_chunk=119.400147
