[results]
loss=1.6860888
err=0.31907454
elapsed_time_chunk=118.978769
