[results]
loss=3.6448188
err=0.59335345
elapsed_time_chunk=116.353762
