[results]
loss=1.5608625
err=0.29167995
elapsed_time_chunk=117.630183
