[results]
loss=0.7887679
err=0.1441541
elapsed_time_chunk=116.018543
