[results]
loss=2.9571013
err=0.5104794
elapsed_time_chunk=118.884516
