[results]
loss=0.79546547
err=0.14562573
elapsed_time_chunk=116.149796
