[results]
loss=1.0345229
err=0.19721766
elapsed_time_chunk=117.436338
