[results]
loss=1.7076622
err=0.32022342
elapsed_time_chunk=120.239761
