[results]
loss=0.7993296
err=0.14501494
elapsed_time_chunk=115.866362
