[results]
loss=4.503935
err=0.68872494
elapsed_time_chunk=118.557071
