[results]
loss=0.79316723
err=0.14668056
elapsed_time_chunk=117.593989
