[results]
loss=0.788366
err=0.14572676
elapsed_time_chunk=117.532201
