[results]
loss=2.4926405
err=0.44889417
elapsed_time_chunk=114.699208
