[results]
loss=0.7933597
err=0.14402033
elapsed_time_chunk=113.054974
