[results]
loss=3.3019052
err=0.552645
elapsed_time_chunk=119.040790
