[results]
loss=0.81683487
err=0.14905006
elapsed_time_chunk=118.328097
