[results]
loss=2.4292872
err=0.43668234
elapsed_time_chunk=115.948225
