[results]
loss=3.7043552
err=0.6029469
elapsed_time_chunk=120.244159
