[results]
loss=2.6621773
err=0.47113785
elapsed_time_chunk=116.055081
