[results]
loss=2.9511716
err=0.5084328
elapsed_time_chunk=118.087842
