[results]
loss=0.80439246
err=0.14794342
elapsed_time_chunk=120.024261
