[results]
loss=1.3542514
err=0.2571245
elapsed_time_chunk=120.509065
