[results]
loss=2.3295984
err=0.41991425
elapsed_time_chunk=119.759495
