[results]
loss=0.8294397
err=0.15229894
elapsed_time_chunk=118.086322
