[results]
loss=3.2284496
err=0.5381681
elapsed_time_chunk=125.702012
