[results]
loss=0.8876812
err=0.16608253
elapsed_time_chunk=118.204339
