[results]
loss=3.6760175
err=0.59918094
elapsed_time_chunk=120.948461
