[results]
loss=1.9038923
err=0.35146385
elapsed_time_chunk=114.237254
