[results]
loss=4.3682585
err=0.676272
elapsed_time_chunk=121.762599
