[results]
loss=0.80982244
err=0.14903027
elapsed_time_chunk=115.794177
