[results]
loss=1.1546398
err=0.21970879
elapsed_time_chunk=117.497018
