[results]
loss=2.3863425
err=0.4298725
elapsed_time_chunk=115.802709
