[results]
loss=0.79944634
err=0.14662871
elapsed_time_chunk=116.595120
