[results]
loss=0.88072556
err=0.1646734
elapsed_time_chunk=116.322839
