[results]
loss=0.79205954
err=0.14532222
elapsed_time_chunk=116.486261
