[results]
loss=0.9099102
err=0.16935292
elapsed_time_chunk=123.556288
