[results]
loss=0.84879214
err=0.15613301
elapsed_time_chunk=119.310688
