[results]
loss=0.80596906
err=0.14641663
elapsed_time_chunk=119.343407
