[results]
loss=3.0342667
err=0.518309
elapsed_time_chunk=120.858603
