[results]
loss=0.7997027
err=0.14592142
elapsed_time_chunk=121.282774
