[results]
loss=0.8147531
err=0.14625737
elapsed_time_chunk=122.547169
