[results]
loss=0.81065667
err=0.14648752
elapsed_time_chunk=120.220241
