[results]
loss=3.2126834
err=0.53897804
elapsed_time_chunk=122.723729
