[results]
loss=0.825045
err=0.15008146
elapsed_time_chunk=120.828599
