[results]
loss=1.0613974
err=0.19912894
elapsed_time_chunk=122.447274
