[results]
loss=0.80345404
err=0.14697169
elapsed_time_chunk=120.245547
