[results]
loss=4.4938483
err=0.688385
elapsed_time_chunk=122.362564
