[results]
loss=0.80451447
err=0.14604412
elapsed_time_chunk=122.137147
