[results]
loss=2.7755244
err=0.48558062
elapsed_time_chunk=118.152007
