[results]
loss=6.7034845
err=0.86002034
elapsed_time_chunk=125.079607
