[results]
loss=0.78081274
err=0.14082114
elapsed_time_chunk=118.701522
