[results]
loss=1.6189648
err=0.30370337
elapsed_time_chunk=122.902260
