[results]
loss=0.85700667
err=0.15625565
elapsed_time_chunk=121.785954
