[results]
loss=1.1936873
err=0.22400321
elapsed_time_chunk=121.776166
