[results]
loss=0.8566168
err=0.1577251
elapsed_time_chunk=121.995837
