[results]
loss=2.5623238
err=0.45078
elapsed_time_chunk=119.792715
