[results]
loss=0.99362344
err=0.18702088
elapsed_time_chunk=120.647401
