[results]
loss=0.8124616
err=0.14639471
elapsed_time_chunk=122.413959
