[results]
loss=0.8390681
err=0.1521409
elapsed_time_chunk=122.818962
