[results]
loss=4.7727556
err=0.7126324
elapsed_time_chunk=139.142794
