[results]
loss=0.8054957
err=0.14713192
elapsed_time_chunk=122.123399
