[results]
loss=0.81761944
err=0.14897178
elapsed_time_chunk=121.904677
