[results]
loss=2.7609067
err=0.48076344
elapsed_time_chunk=121.901776
