[results]
loss=3.7629058
err=0.608507
elapsed_time_chunk=123.012380
