[results]
loss=0.8525085
err=0.15777642
elapsed_time_chunk=120.415444
