[results]
loss=0.823939
err=0.15006742
elapsed_time_chunk=122.254298
