[results]
loss=0.81498677
err=0.14735895
elapsed_time_chunk=120.159225
