[results]
loss=1.2487344
err=0.23705837
elapsed_time_chunk=121.278523
