[results]
loss=0.81950253
err=0.14826912
elapsed_time_chunk=123.716373
