[results]
loss=1.9395072
err=0.35430458
elapsed_time_chunk=122.167005
