[results]
loss=1.0004013
err=0.18955737
elapsed_time_chunk=120.222949
