[results]
loss=5.4385977
err=0.7734715
elapsed_time_chunk=115.455239
