[results]
loss=0.83897954
err=0.15364414
elapsed_time_chunk=121.211970
