[results]
loss=0.79900956
err=0.14429735
elapsed_time_chunk=119.936016
