[results]
loss=3.334859
err=0.5603568
elapsed_time_chunk=118.075120
