[results]
loss=0.9017073
err=0.16672382
elapsed_time_chunk=120.894397
