[results]
loss=1.3776584
err=0.2565243
elapsed_time_chunk=123.522371
