[results]
loss=3.0151796
err=0.5166221
elapsed_time_chunk=118.257079
