[results]
loss=0.8075267
err=0.14638004
elapsed_time_chunk=121.990063
