[results]
loss=3.723922
err=0.60466075
elapsed_time_chunk=123.658026
