[results]
loss=0.81642526
err=0.14752428
elapsed_time_chunk=120.899550
