[results]
loss=0.80995065
err=0.14535514
elapsed_time_chunk=120.985862
