[results]
loss=8.577929
err=0.9196245
elapsed_time_chunk=136.319193
