[results]
loss=0.81974286
err=0.14956158
elapsed_time_chunk=121.692218
