[results]
loss=3.3158016
err=0.5532944
elapsed_time_chunk=123.345016
