[results]
loss=0.8150125
err=0.14719996
elapsed_time_chunk=121.360956
