[results]
loss=2.5274646
err=0.4530914
elapsed_time_chunk=123.908845
