[results]
loss=4.711185
err=0.70897883
elapsed_time_chunk=125.202687
