[results]
loss=2.428998
err=0.43556288
elapsed_time_chunk=119.340644
