[results]
loss=3.720426
err=0.6044327
elapsed_time_chunk=122.652338
