[results]
loss=3.345907
err=0.55608445
elapsed_time_chunk=123.356072
