[results]
loss=0.9121024
err=0.16762921
elapsed_time_chunk=123.388728
