[results]
loss=0.8052985
err=0.14610776
elapsed_time_chunk=123.038103
