[results]
loss=1.7296332
err=0.323713
elapsed_time_chunk=126.027377
