[results]
loss=2.8520396
err=0.49106064
elapsed_time_chunk=122.747950
