[results]
loss=0.81758255
err=0.14970686
elapsed_time_chunk=122.460342
