[results]
loss=1.7190205
err=0.32627776
elapsed_time_chunk=121.197236
