[results]
loss=0.809796
err=0.1454795
elapsed_time_chunk=118.587071
