[results]
loss=1.9698883
err=0.35870543
elapsed_time_chunk=121.702595
