[results]
loss=0.80983776
err=0.14750919
elapsed_time_chunk=124.483966
