[results]
loss=1.0444251
err=0.19577162
elapsed_time_chunk=121.761810
