[results]
loss=1.376477
err=0.2555999
elapsed_time_chunk=121.838119
