[results]
loss=0.99389964
err=0.1865432
elapsed_time_chunk=122.145322
