[results]
loss=0.83502495
err=0.15256122
elapsed_time_chunk=121.810885
