[results]
loss=0.7940595
err=0.14311312
elapsed_time_chunk=121.192174
