[results]
loss=1.3817805
err=0.26281506
elapsed_time_chunk=120.049761
