[results]
loss=1.235401
err=0.23392844
elapsed_time_chunk=120.750668
