[results]
loss=0.80624855
err=0.14600012
elapsed_time_chunk=119.913401
