[results]
loss=0.8231824
err=0.14952871
elapsed_time_chunk=122.977210
