[results]
loss=0.8061513
err=0.14580569
elapsed_time_chunk=120.529061
