[results]
loss=0.803889
err=0.14499103
elapsed_time_chunk=120.294635
