[results]
loss=1.06931
err=0.19824663
elapsed_time_chunk=121.073442
