[results]
loss=4.370737
err=0.67845845
elapsed_time_chunk=124.219345
