[results]
loss=1.9451888
err=0.35309637
elapsed_time_chunk=124.902156
