[results]
loss=2.4413846
err=0.43883553
elapsed_time_chunk=119.709274
