[results]
loss=0.7962161
err=0.14379835
elapsed_time_chunk=118.998451
