[results]
loss=0.84059143
err=0.15298443
elapsed_time_chunk=121.647637
