[results]
loss=6.0425563
err=0.8217553
elapsed_time_chunk=117.661293
