[results]
loss=1.2033355
err=0.2258794
elapsed_time_chunk=119.596133
