[results]
loss=2.3585386
err=0.41881928
elapsed_time_chunk=120.652002
