[results]
loss=0.9614935
err=0.17870906
elapsed_time_chunk=122.983345
