[results]
loss=1.9673562
err=0.35854518
elapsed_time_chunk=123.601130
