[results]
loss=1.2438108
err=0.23785833
elapsed_time_chunk=121.702159
