[results]
loss=0.80242753
err=0.14525598
elapsed_time_chunk=121.376719
