[results]
loss=3.661655
err=0.59954095
elapsed_time_chunk=117.643461
