[results]
loss=4.5801044
err=0.6977367
elapsed_time_chunk=122.835173
