[results]
loss=3.8047037
err=0.6077854
elapsed_time_chunk=146.231383
