[results]
loss=0.80222267
err=0.14555746
elapsed_time_chunk=121.181689
