[results]
loss=0.87766975
err=0.16042157
elapsed_time_chunk=123.507126
