[results]
loss=0.8325247
err=0.15105614
elapsed_time_chunk=120.451264
