[results]
loss=0.79658645
err=0.14394005
elapsed_time_chunk=122.923117
