[results]
loss=0.8130758
err=0.14655657
elapsed_time_chunk=122.511036
