[results]
loss=0.836117
err=0.15190914
elapsed_time_chunk=120.502831
