[results]
loss=0.9769347
err=0.1837316
elapsed_time_chunk=122.371995
