[results]
loss=1.0753324
err=0.2041513
elapsed_time_chunk=122.481349
