[results]
loss=2.521839
err=0.45091572
elapsed_time_chunk=120.195502
