[results]
loss=3.3104591
err=0.55107147
elapsed_time_chunk=120.583678
