[results]
loss=0.89776516
err=0.16726108
elapsed_time_chunk=120.607609
