[results]
loss=0.89999425
err=0.16719402
elapsed_time_chunk=120.200273
