[results]
loss=1.7165598
err=0.31862286
elapsed_time_chunk=123.171908
