[results]
loss=0.8039895
err=0.1454642
elapsed_time_chunk=119.251433
