[results]
loss=1.3818856
err=0.25906685
elapsed_time_chunk=120.913841
