[results]
loss=0.79316115
err=0.14545095
elapsed_time_chunk=120.477379
