[results]
loss=0.8303118
err=0.15216187
elapsed_time_chunk=123.198459
