[results]
loss=2.9742806
err=0.5106705
elapsed_time_chunk=119.629756
