[results]
loss=2.6972227
err=0.47094014
elapsed_time_chunk=124.299939
