[results]
loss=0.80399823
err=0.14602824
elapsed_time_chunk=123.651144
