[results]
loss=2.685914
err=0.47263008
elapsed_time_chunk=121.811761
