[results]
loss=0.8013883
err=0.14656565
elapsed_time_chunk=121.661375
