[results]
loss=2.9627848
err=0.5072392
elapsed_time_chunk=121.176519
