[results]
loss=1.6275133
err=0.29896888
elapsed_time_chunk=124.457696
