[results]
loss=5.6393704
err=0.79076487
elapsed_time_chunk=116.801389
