[results]
loss=1.0712514
err=0.20256212
elapsed_time_chunk=119.414120
