[results]
loss=1.9338678
err=0.35875636
elapsed_time_chunk=124.304897
