[results]
loss=1.38692
err=0.26094046
elapsed_time_chunk=121.881897
