[results]
loss=0.46075618
err=0.084874295
elapsed_time_chunk=159.688258
