[results]
loss=1.106981
err=0.23270543
elapsed_time_chunk=117.664812
