[results]
loss=1.0298772
err=0.21337485
elapsed_time_chunk=114.103076
