[results]
loss=2.8106585
err=0.49558625
elapsed_time_chunk=120.165685
