[results]
loss=0.46907896
err=0.08785777
elapsed_time_chunk=140.455606
