[results]
loss=0.4713158
err=0.08628036
elapsed_time_chunk=160.444770
