[results]
loss=1.3018645
err=0.26671425
elapsed_time_chunk=117.475613
