[results]
loss=0.49782816
err=0.09516621
elapsed_time_chunk=139.208528
