[results]
loss=1.8806067
err=0.36775813
elapsed_time_chunk=118.503636
