[results]
loss=0.4582431
err=0.084099434
elapsed_time_chunk=152.981734
