[results]
loss=0.4648414
err=0.086288296
elapsed_time_chunk=158.435374
