[results]
loss=2.168669
err=0.41365513
elapsed_time_chunk=115.104511
