[results]
loss=0.4616168
err=0.08504816
elapsed_time_chunk=156.507879
