[results]
loss=0.66468847
err=0.13855517
elapsed_time_chunk=116.070672
