[results]
loss=0.8799444
err=0.18619305
elapsed_time_chunk=112.154601
