[results]
loss=1.7821854
err=0.34668663
elapsed_time_chunk=117.750949
