[results]
loss=0.4551584
err=0.08306979
elapsed_time_chunk=156.986604
