[results]
loss=0.46053514
err=0.084556304
elapsed_time_chunk=156.364797
