[results]
loss=0.65237504
err=0.13311982
elapsed_time_chunk=118.240951
