[results]
loss=1.2839104
err=0.26411974
elapsed_time_chunk=115.368164
