[results]
loss=1.943803
err=0.38026068
elapsed_time_chunk=115.454480
