[results]
loss=3.6437838
err=0.5988078
elapsed_time_chunk=125.202045
