[results]
loss=0.60630214
err=0.12414621
elapsed_time_chunk=117.040470
