[results]
loss=1.1011744
err=0.2337755
elapsed_time_chunk=112.847124
