[results]
loss=1.5798827
err=0.31631052
elapsed_time_chunk=114.829618
