[results]
loss=0.4561175
err=0.08461126
elapsed_time_chunk=159.667427
