[results]
loss=3.7825172
err=0.6129884
elapsed_time_chunk=139.348158
