[results]
loss=1.7461987
err=0.34849957
elapsed_time_chunk=117.734564
