[results]
loss=2.855646
err=0.501374
elapsed_time_chunk=118.875549
