[results]
loss=0.4551864
err=0.084109
elapsed_time_chunk=159.375475
