[results]
loss=0.5022118
err=0.09720301
elapsed_time_chunk=128.320831
