[results]
loss=0.77510387
err=0.16545653
elapsed_time_chunk=113.354599
