[results]
loss=0.45615757
err=0.08497795
elapsed_time_chunk=162.507912
