[results]
loss=3.6359966
err=0.6019552
elapsed_time_chunk=124.555546
