[results]
loss=1.7080544
err=0.34235457
elapsed_time_chunk=117.486066
