[results]
loss=1.6562663
err=0.33689308
elapsed_time_chunk=115.440791
