[results]
loss=0.7551594
err=0.15942165
elapsed_time_chunk=114.131475
