[results]
loss=2.4601924
err=0.4493076
elapsed_time_chunk=116.364271
