[results]
loss=0.47292858
err=0.089457154
elapsed_time_chunk=145.450810
