[results]
loss=0.495183
err=0.09524866
elapsed_time_chunk=141.508264
