[results]
loss=0.5209209
err=0.10174817
elapsed_time_chunk=115.558808
