[results]
loss=0.45972443
err=0.085642815
elapsed_time_chunk=155.303890
