[results]
loss=0.556485
err=0.11086724
elapsed_time_chunk=117.962170
