[results]
loss=0.4759538
err=0.09062789
elapsed_time_chunk=132.039619
