[results]
loss=0.5211588
err=0.10221378
elapsed_time_chunk=118.229987
