[results]
loss=2.1193383
err=0.39958942
elapsed_time_chunk=115.224680
