[results]
loss=0.5031443
err=0.096444786
elapsed_time_chunk=118.383867
