[results]
loss=0.54977345
err=0.108866505
elapsed_time_chunk=118.183715
