[results]
loss=0.67124254
err=0.13867024
elapsed_time_chunk=117.422448
