[results]
loss=0.45016915
err=0.08245757
elapsed_time_chunk=157.984751
