[results]
loss=0.52906567
err=0.10529383
elapsed_time_chunk=117.101827
