[results]
loss=2.7950146
err=0.49673152
elapsed_time_chunk=116.673151
