[results]
loss=0.6488653
err=0.13448052
elapsed_time_chunk=116.851162
