[results]
loss=2.8614297
err=0.50366074
elapsed_time_chunk=138.982831
