[results]
loss=0.4578957
err=0.083764605
elapsed_time_chunk=153.103114
