[results]
loss=0.4692703
err=0.088016264
elapsed_time_chunk=144.995989
