[results]
loss=2.8838632
err=0.50513035
elapsed_time_chunk=115.741742
