[results]
loss=5.970766
err=0.820315
elapsed_time_chunk=135.728449
