[results]
loss=0.46396235
err=0.08498224
elapsed_time_chunk=157.787933
