[results]
loss=0.46442446
err=0.08580701
elapsed_time_chunk=156.261198
