[results]
loss=1.2980788
err=0.2662173
elapsed_time_chunk=117.171152
