[results]
loss=0.4972531
err=0.094724275
elapsed_time_chunk=114.568112
