[results]
loss=1.8898259
err=0.36912045
elapsed_time_chunk=116.292794
