[results]
loss=0.4646637
err=0.08692969
elapsed_time_chunk=159.446190
