[results]
loss=3.4934464
err=0.585697
elapsed_time_chunk=121.743747
