[results]
loss=0.60091203
err=0.124952585
elapsed_time_chunk=117.029102
