[results]
loss=0.45609003
err=0.083057985
elapsed_time_chunk=157.495758
