[results]
loss=0.5318123
err=0.10568961
elapsed_time_chunk=118.941177
