[results]
loss=2.1821556
err=0.41321325
elapsed_time_chunk=115.186973
