[results]
loss=0.881687
err=0.18743509
elapsed_time_chunk=116.424674
