[results]
loss=1.8741386
err=0.36831492
elapsed_time_chunk=119.033284
