[results]
loss=0.45497894
err=0.0829629
elapsed_time_chunk=154.749756
