[results]
loss=4.459217
err=0.68922883
elapsed_time_chunk=135.556156
