[results]
loss=0.49351385
err=0.094161645
elapsed_time_chunk=114.762502
