[results]
loss=0.47323692
err=0.08784306
elapsed_time_chunk=161.917685
