[results]
loss=0.46109915
err=0.08471116
elapsed_time_chunk=159.080623
