[results]
loss=0.7826582
err=0.1675124
elapsed_time_chunk=115.644015
