[results]
loss=0.86846733
err=0.18278587
elapsed_time_chunk=114.587138
