[results]
loss=0.6012998
err=0.12584892
elapsed_time_chunk=115.335225
