[results]
loss=2.5063994
err=0.45578372
elapsed_time_chunk=114.768043
