[results]
loss=5.083331
err=0.7515732
elapsed_time_chunk=138.566934
