[results]
loss=0.4641228
err=0.08514265
elapsed_time_chunk=160.783998
