[results]
loss=0.4804491
err=0.089695364
elapsed_time_chunk=143.593429
