[results]
loss=0.4636262
err=0.08444286
elapsed_time_chunk=155.723856
