[results]
loss=2.1416547
err=0.40387958
elapsed_time_chunk=113.750777
