[results]
loss=3.4980009
err=0.58849984
elapsed_time_chunk=120.391189
