[results]
loss=0.51560056
err=0.099180534
elapsed_time_chunk=115.132346
