[results]
loss=0.4554081
err=0.084048934
elapsed_time_chunk=156.546223
