[results]
loss=0.5462069
err=0.10941993
elapsed_time_chunk=112.978636
