[results]
loss=0.59090894
err=0.11793751
elapsed_time_chunk=115.997391
