[results]
loss=0.86998403
err=0.18363841
elapsed_time_chunk=114.717932
