[results]
loss=2.3625324
err=0.43504047
elapsed_time_chunk=115.378061
