[results]
loss=2.4180553
err=0.44222438
elapsed_time_chunk=115.990835
