[results]
loss=0.46127284
err=0.084689975
elapsed_time_chunk=158.393408
