[results]
loss=1.2764193
err=0.2645585
elapsed_time_chunk=112.520958
