[results]
loss=0.62318194
err=0.12522717
elapsed_time_chunk=117.568195
