[results]
loss=0.45964044
err=0.084047854
elapsed_time_chunk=157.723776
