[results]
loss=1.075483
err=0.22521648
elapsed_time_chunk=116.113940
