[results]
loss=0.75672907
err=0.15956278
elapsed_time_chunk=122.982902
