[results]
loss=0.47139123
err=0.08783253
elapsed_time_chunk=120.936883
