[results]
loss=0.46598843
err=0.08640584
elapsed_time_chunk=157.641345
