[results]
loss=0.6494912
err=0.13468108
elapsed_time_chunk=114.560769
