[results]
loss=8.57829
err=0.9198393
elapsed_time_chunk=142.355068
