[results]
loss=1.6458122
err=0.3301502
elapsed_time_chunk=117.361221
