[results]
loss=0.5432571
err=0.10658828
elapsed_time_chunk=113.630830
