[results]
loss=0.5469569
err=0.10952118
elapsed_time_chunk=114.656388
