[results]
loss=0.464649
err=0.08643373
elapsed_time_chunk=160.678699
