[results]
loss=0.46416315
err=0.085476
elapsed_time_chunk=157.443863
