[results]
loss=4.732717
err=0.7144343
elapsed_time_chunk=136.700730
