[results]
loss=0.45745263
err=0.08376098
elapsed_time_chunk=158.454381
