[results]
loss=2.02913
err=0.38361263
elapsed_time_chunk=112.834698
