[results]
loss=0.4789539
err=0.088613585
elapsed_time_chunk=140.598622
