[results]
loss=0.7543038
err=0.15722185
elapsed_time_chunk=113.114118
