[results]
loss=0.48729154
err=0.09317801
elapsed_time_chunk=117.033407
