[results]
loss=0.4527476
err=0.08317227
elapsed_time_chunk=156.032417
