[results]
loss=2.4313338
err=0.4470981
elapsed_time_chunk=114.626220
