[results]
loss=0.8782505
err=0.18344255
elapsed_time_chunk=113.907973
