[results]
loss=1.1157112
err=0.23668638
elapsed_time_chunk=114.281022
