[results]
loss=1.2821559
err=0.26578942
elapsed_time_chunk=114.077505
