[results]
loss=0.48291636
err=0.09050924
elapsed_time_chunk=126.158414
