[results]
loss=3.3767104
err=0.5717033
elapsed_time_chunk=665.079995
