[results]
loss=3.9348838
err=0.6362445
elapsed_time_chunk=642.047017
