[results]
loss=4.9077396
err=0.72849244
elapsed_time_chunk=618.670280
