[results]
loss=5.761686
err=0.8002089
elapsed_time_chunk=576.656249
