[results]
loss=3.0929573
err=0.53472424
elapsed_time_chunk=646.388520
