[results]
loss=2.9260798
err=0.5105523
elapsed_time_chunk=609.239684
