[results]
loss=2.9181101
err=0.51088756
elapsed_time_chunk=614.803474
