[results]
loss=4.726212
err=0.7155404
elapsed_time_chunk=611.920369
