[results]
loss=3.357148
err=0.5682555
elapsed_time_chunk=642.674083
