[results]
loss=3.1191347
err=0.53950363
elapsed_time_chunk=577.388451
