[results]
loss=3.3651006
err=0.5654625
elapsed_time_chunk=629.094720
