[results]
loss=2.824523
err=0.5009134
elapsed_time_chunk=636.265223
