[results]
loss=7.704285
err=0.89136046
elapsed_time_chunk=566.242496
