[results]
loss=3.1165414
err=0.53483605
elapsed_time_chunk=611.202440
