[results]
loss=3.8868616
err=0.6295256
elapsed_time_chunk=636.586375
