[results]
loss=3.9791691
err=0.6438107
elapsed_time_chunk=652.487433
