[results]
loss=3.0232542
err=0.52684116
elapsed_time_chunk=651.849820
