[results]
loss=3.3742387
err=0.57173645
elapsed_time_chunk=608.945150
