[results]
loss=4.1434855
err=0.65628266
elapsed_time_chunk=615.953598
