[results]
loss=5.213432
err=0.75710773
elapsed_time_chunk=613.491884
