[results]
loss=4.032124
err=0.6503278
elapsed_time_chunk=695.358460
