[results]
loss=3.3593442
err=0.5685753
elapsed_time_chunk=628.830229
