[results]
loss=3.070331
err=0.52932626
elapsed_time_chunk=655.421983
