[results]
loss=2.1676443
err=0.41007283
elapsed_time_chunk=114.751659
