[results]
loss=0.5616637
err=0.107415594
elapsed_time_chunk=114.972745
