[results]
loss=0.5642618
err=0.10711489
elapsed_time_chunk=115.875834
