[results]
loss=1.438388
err=0.29009777
elapsed_time_chunk=115.473895
