[results]
loss=4.3640084
err=0.6818193
elapsed_time_chunk=133.364501
