[results]
loss=1.4767361
err=0.29363897
elapsed_time_chunk=113.921767
