[results]
loss=3.5241296
err=0.58787924
elapsed_time_chunk=123.121730
