[results]
loss=0.5941927
err=0.11582612
elapsed_time_chunk=117.281715
