[results]
loss=0.6538778
err=0.13198073
elapsed_time_chunk=114.988771
