[results]
loss=0.73288894
err=0.15031709
elapsed_time_chunk=113.290169
