[results]
loss=0.5630615
err=0.1079969
elapsed_time_chunk=115.403253
