[results]
loss=0.5712593
err=0.109476924
elapsed_time_chunk=116.217334
