[results]
loss=0.56949043
err=0.108433746
elapsed_time_chunk=117.257259
