[results]
loss=0.9964236
err=0.20436923
elapsed_time_chunk=116.133243
