[results]
loss=1.4316907
err=0.287399
elapsed_time_chunk=114.010043
