[results]
loss=0.5525456
err=0.10636994
elapsed_time_chunk=114.178226
