[results]
loss=3.68109
err=0.6038678
elapsed_time_chunk=124.952314
