[results]
loss=0.5562429
err=0.105943434
elapsed_time_chunk=115.951917
