[results]
loss=0.5649739
err=0.106892325
elapsed_time_chunk=115.431203
