[results]
loss=0.74892724
err=0.15364611
elapsed_time_chunk=115.415036
