[results]
loss=2.874216
err=0.5049197
elapsed_time_chunk=115.388930
