[results]
loss=0.5659881
err=0.107563
elapsed_time_chunk=117.960318
