[results]
loss=2.417921
err=0.44457275
elapsed_time_chunk=118.329682
