[results]
loss=0.58460975
err=0.11176506
elapsed_time_chunk=116.408200
