[results]
loss=1.1783264
err=0.23907344
elapsed_time_chunk=116.669526
