[results]
loss=0.5667521
err=0.108408585
elapsed_time_chunk=115.404685
