[results]
loss=0.5590251
err=0.10737654
elapsed_time_chunk=114.036178
