[results]
loss=0.5739557
err=0.11087816
elapsed_time_chunk=117.508297
