[results]
loss=0.67657036
err=0.13640757
elapsed_time_chunk=114.763284
