[results]
loss=0.5615629
err=0.10700168
elapsed_time_chunk=115.877732
