[results]
loss=2.8561814
err=0.4982558
elapsed_time_chunk=116.662201
