[results]
loss=0.5685995
err=0.1090978
elapsed_time_chunk=113.698805
