[results]
loss=0.564231
err=0.107533924
elapsed_time_chunk=113.893523
