[results]
loss=3.4601748
err=0.5765732
elapsed_time_chunk=121.821125
