[results]
loss=0.5658449
err=0.108085275
elapsed_time_chunk=112.563396
