[results]
loss=2.8569744
err=0.5037344
elapsed_time_chunk=115.117890
