[results]
loss=1.4589481
err=0.29514512
elapsed_time_chunk=113.888186
