[results]
loss=0.57217616
err=0.10951039
elapsed_time_chunk=116.061961
