[results]
loss=0.60733634
err=0.1189635
elapsed_time_chunk=113.714621
