[results]
loss=0.60947233
err=0.11985977
elapsed_time_chunk=113.299348
