[results]
loss=0.5820776
err=0.111671075
elapsed_time_chunk=116.490099
