[results]
loss=0.6791981
err=0.13697468
elapsed_time_chunk=114.199823
