[results]
loss=0.6516458
err=0.13049783
elapsed_time_chunk=113.545124
