[results]
loss=0.5661542
err=0.10782974
elapsed_time_chunk=117.929231
