[results]
loss=0.5508954
err=0.10530159
elapsed_time_chunk=114.998308
