[results]
loss=0.6749978
err=0.13508561
elapsed_time_chunk=116.197326
