[results]
loss=2.8375487
err=0.50248617
elapsed_time_chunk=113.986790
