[results]
loss=0.6000655
err=0.11781803
elapsed_time_chunk=112.795774
