[results]
loss=0.55834764
err=0.10681285
elapsed_time_chunk=117.489158
