[results]
loss=0.575102
err=0.10974902
elapsed_time_chunk=116.849588
