[results]
loss=1.9288979
err=0.37774655
elapsed_time_chunk=115.076526
