[results]
loss=0.5696081
err=0.10927422
elapsed_time_chunk=117.543565
