[results]
loss=0.5735107
err=0.109413885
elapsed_time_chunk=117.735556
