[results]
loss=0.57838696
err=0.11137271
elapsed_time_chunk=114.470351
