[results]
loss=2.3756366
err=0.4358023
elapsed_time_chunk=115.078550
