[results]
loss=0.5711185
err=0.10819623
elapsed_time_chunk=116.170268
