[results]
loss=0.8686579
err=0.18280944
elapsed_time_chunk=115.304086
