[results]
loss=0.6021128
err=0.116921075
elapsed_time_chunk=115.506724
