[results]
loss=0.87410206
err=0.1801043
elapsed_time_chunk=115.901114
