[results]
loss=0.6074094
err=0.11968956
elapsed_time_chunk=117.079488
