[results]
loss=0.5600822
err=0.10730722
elapsed_time_chunk=116.593617
