[results]
loss=0.6319362
err=0.12439331
elapsed_time_chunk=115.696058
