[results]
loss=1.8717531
err=0.36583987
elapsed_time_chunk=111.915888
