[results]
loss=3.6431189
err=0.5976458
elapsed_time_chunk=126.104128
