[results]
loss=0.6071133
err=0.11723779
elapsed_time_chunk=113.832649
