[results]
loss=0.75326
err=0.15512374
elapsed_time_chunk=113.456781
