[results]
loss=2.455996
err=0.4500667
elapsed_time_chunk=112.582705
