[results]
loss=0.57518905
err=0.111919604
elapsed_time_chunk=115.740775
