[results]
loss=0.5701187
err=0.10921361
elapsed_time_chunk=115.262488
