[results]
loss=2.4180212
err=0.44426927
elapsed_time_chunk=115.564950
