[results]
loss=5.8104157
err=0.8067927
elapsed_time_chunk=132.351493
