[results]
loss=1.9506596
err=0.37952635
elapsed_time_chunk=114.589576
