[results]
loss=4.626055
err=0.7065596
elapsed_time_chunk=136.654649
