[results]
loss=0.56585175
err=0.1081332
elapsed_time_chunk=114.567942
