[results]
loss=5.0644407
err=0.74928224
elapsed_time_chunk=139.414011
