[results]
loss=0.7550027
err=0.15552597
elapsed_time_chunk=115.052373
