[results]
loss=0.59527916
err=0.11665272
elapsed_time_chunk=113.533880
