[results]
loss=1.4511973
err=0.28952897
elapsed_time_chunk=115.340961
