[results]
loss=0.55381024
err=0.10556697
elapsed_time_chunk=112.717607
