[results]
loss=2.0775287
err=0.39314643
elapsed_time_chunk=114.167688
