[results]
loss=0.5660516
err=0.108067036
elapsed_time_chunk=116.849064
