[results]
loss=2.0442786
err=0.38498527
elapsed_time_chunk=115.358453
