[results]
loss=0.5670994
err=0.10854164
elapsed_time_chunk=114.556294
