[results]
loss=0.59914505
err=0.11652878
elapsed_time_chunk=113.990589
