[results]
loss=0.9801985
err=0.20375033
elapsed_time_chunk=114.352977
