[results]
loss=2.1970172
err=0.41567147
elapsed_time_chunk=113.869584
