[results]
loss=0.86630756
err=0.18395984
elapsed_time_chunk=111.953799
