[results]
loss=2.1434746
err=0.4043017
elapsed_time_chunk=116.240316
