[results]
loss=0.5610956
err=0.10753071
elapsed_time_chunk=116.597336
