[results]
loss=0.57352656
err=0.1108441
elapsed_time_chunk=117.421716
