[results]
loss=0.56010854
err=0.10744553
elapsed_time_chunk=116.333383
