[results]
loss=0.99528223
err=0.20624347
elapsed_time_chunk=113.328932
