[results]
loss=1.2234998
err=0.25035045
elapsed_time_chunk=115.332634
