[results]
loss=0.98773235
err=0.20257351
elapsed_time_chunk=115.715556
