[results]
loss=0.56453484
err=0.10821727
elapsed_time_chunk=115.580610
