[results]
loss=0.55906624
err=0.1066409
elapsed_time_chunk=116.351317
