[results]
loss=2.8127067
err=0.49961212
elapsed_time_chunk=116.529435
