[results]
loss=0.5613898
err=0.10797195
elapsed_time_chunk=114.278746
