[results]
loss=1.0055043
err=0.20763761
elapsed_time_chunk=115.557305
