[results]
loss=1.2581501
err=0.26086587
elapsed_time_chunk=113.576841
