[results]
loss=0.575358
err=0.10984247
elapsed_time_chunk=117.976880
