[results]
loss=1.8575315
err=0.36416867
elapsed_time_chunk=114.593444
