[results]
loss=0.641605
err=0.12662993
elapsed_time_chunk=113.206575
