[results]
loss=0.5702517
err=0.10933468
elapsed_time_chunk=114.818073
