[results]
loss=0.88245136
err=0.18309322
elapsed_time_chunk=114.457081
