[results]
loss=1.787198
err=0.34699672
elapsed_time_chunk=114.694932
