[results]
loss=0.85449696
err=0.17321226
elapsed_time_chunk=114.957998
