[results]
loss=2.4777892
err=0.45547867
elapsed_time_chunk=113.198250
