[results]
loss=3.7354832
err=0.6065789
elapsed_time_chunk=123.534060
