[results]
loss=0.75038034
err=0.15120468
elapsed_time_chunk=114.002275
