[results]
loss=0.5833965
err=0.11365776
elapsed_time_chunk=115.505037
