[results]
loss=0.56600016
err=0.108346395
elapsed_time_chunk=116.575969
