[results]
loss=0.5712814
err=0.10950041
elapsed_time_chunk=119.243116
