[results]
loss=0.67491883
err=0.13371454
elapsed_time_chunk=115.588609
