[results]
loss=8.14875
err=0.90808684
elapsed_time_chunk=145.116230
