[results]
loss=0.63986886
err=0.12729028
elapsed_time_chunk=115.366221
