[results]
loss=0.67137116
err=0.13495086
elapsed_time_chunk=113.058209
