[results]
loss=1.2432101
err=0.25511843
elapsed_time_chunk=114.589872
