[results]
loss=1.2225055
err=0.25240803
elapsed_time_chunk=113.945000
