[results]
loss=0.6305845
err=0.12411311
elapsed_time_chunk=114.500321
