[results]
loss=2.1491675
err=0.36933172
elapsed_time_chunk=288.124355
