[results]
loss=2.1339848
err=0.3674736
elapsed_time_chunk=288.681809
