[results]
loss=2.1182833
err=0.36664304
elapsed_time_chunk=287.413629
