[results]
loss=2.1776717
err=0.37281674
elapsed_time_chunk=284.772347
