[results]
loss=2.208303
err=0.3729026
elapsed_time_chunk=291.659043
