[results]
loss=3.6647284
err=0.5432958
elapsed_time_chunk=204.474071
