[results]
loss=2.8200626
err=0.44893712
elapsed_time_chunk=282.911338
