[results]
loss=2.3358
err=0.39213634
elapsed_time_chunk=288.577116
