[results]
loss=2.5010026
err=0.41183373
elapsed_time_chunk=285.074967
