[results]
loss=4.9494896
err=0.66806483
elapsed_time_chunk=171.365018
