[results]
loss=2.2747488
err=0.38249695
elapsed_time_chunk=290.296412
