[results]
loss=4.1051435
err=0.584983
elapsed_time_chunk=228.426375
