[results]
loss=5.8164077
err=0.7416033
elapsed_time_chunk=152.844405
