[results]
loss=2.1498253
err=0.37099493
elapsed_time_chunk=286.566760
