[results]
loss=3.0055072
err=0.4672583
elapsed_time_chunk=284.370880
