[results]
loss=2.134128
err=0.36578518
elapsed_time_chunk=286.657003
