[results]
loss=2.2714772
err=0.38150227
elapsed_time_chunk=288.408484
