[results]
loss=5.3083415
err=0.6983668
elapsed_time_chunk=147.318959
