[results]
loss=2.1999836
err=0.37431642
elapsed_time_chunk=289.051084
