[results]
loss=2.1511014
err=0.368375
elapsed_time_chunk=290.554209
