[results]
loss=2.3190825
err=0.38851547
elapsed_time_chunk=288.020286
