[results]
loss=2.1889195
err=0.37255886
elapsed_time_chunk=291.148617
