[results]
loss=2.9353886
err=0.4633501
elapsed_time_chunk=290.538035
