[results]
loss=2.18784
err=0.37448457
elapsed_time_chunk=287.736722
