[results]
loss=2.1371367
err=0.36623007
elapsed_time_chunk=286.840632
