[results]
loss=2.1644213
err=0.37060198
elapsed_time_chunk=283.656683
