[results]
loss=3.9732118
err=0.5750446
elapsed_time_chunk=209.948574
