[results]
loss=2.8260925
err=0.4509772
elapsed_time_chunk=286.139540
