[results]
loss=2.237852
err=0.38168284
elapsed_time_chunk=285.808229
