[results]
loss=2.119872
err=0.3656867
elapsed_time_chunk=287.435327
