[results]
loss=2.1618943
err=0.37140533
elapsed_time_chunk=283.888601
