[results]
loss=2.1577501
err=0.37066713
elapsed_time_chunk=287.618490
