[results]
loss=2.3129857
err=0.38851383
elapsed_time_chunk=286.143899
