[results]
loss=2.4990075
err=0.40932095
elapsed_time_chunk=285.701085
