[results]
loss=2.2372215
err=0.3792877
elapsed_time_chunk=290.134580
