[results]
loss=2.138351
err=0.36819166
elapsed_time_chunk=286.458969
