[results]
loss=2.1463473
err=0.37013972
elapsed_time_chunk=284.274245
