[results]
loss=2.6023512
err=0.4245409
elapsed_time_chunk=373.157880
