[results]
loss=2.6095023
err=0.42431822
elapsed_time_chunk=286.235522
