[results]
loss=2.3554635
err=0.39449534
elapsed_time_chunk=288.524446
