[results]
loss=2.1761632
err=0.37387797
elapsed_time_chunk=286.233256
