[results]
loss=2.159836
err=0.36887184
elapsed_time_chunk=288.082289
