[results]
loss=2.4284725
err=0.4059077
elapsed_time_chunk=289.003305
