[results]
loss=3.3403666
err=0.50688285
elapsed_time_chunk=261.081933
