[results]
loss=2.1353652
err=0.36773592
elapsed_time_chunk=288.475775
