[results]
loss=2.3755012
err=0.39459094
elapsed_time_chunk=286.709002
