[results]
loss=2.1668327
err=0.37063044
elapsed_time_chunk=290.746490
