[results]
loss=2.7779248
err=0.4481338
elapsed_time_chunk=283.944502
