[results]
loss=2.6266894
err=0.42445737
elapsed_time_chunk=283.913188
