[results]
loss=2.134529
err=0.36867654
elapsed_time_chunk=289.397532
