[results]
loss=2.1182475
err=0.36505756
elapsed_time_chunk=286.673750
