[results]
loss=2.1457803
err=0.369844
elapsed_time_chunk=284.167970
