[results]
loss=2.1382844
err=0.36723784
elapsed_time_chunk=284.423973
