[results]
loss=2.1637022
err=0.37044448
elapsed_time_chunk=285.258956
