[results]
loss=2.19891
err=0.37406084
elapsed_time_chunk=284.232264
