[results]
loss=2.205042
err=0.3781383
elapsed_time_chunk=286.883945
