[results]
loss=2.3046234
err=0.38754222
elapsed_time_chunk=283.994310
