[results]
loss=2.2396743
err=0.37957257
elapsed_time_chunk=286.715673
