[results]
loss=2.558579
err=0.4163596
elapsed_time_chunk=286.250237
