[results]
loss=2.174492
err=0.37318003
elapsed_time_chunk=287.523819
