[results]
loss=2.161915
err=0.36902896
elapsed_time_chunk=285.685847
