[results]
loss=2.9508846
err=0.46703643
elapsed_time_chunk=287.363787
