[results]
loss=2.454744
err=0.4063707
elapsed_time_chunk=288.720932
