[results]
loss=2.149139
err=0.36784175
elapsed_time_chunk=289.355430
