[results]
loss=2.1737328
err=0.37152493
elapsed_time_chunk=290.490711
