[results]
loss=2.1635733
err=0.37004825
elapsed_time_chunk=288.550822
