[results]
loss=2.1356378
err=0.36669722
elapsed_time_chunk=290.426298
