[results]
loss=2.4721687
err=0.40847108
elapsed_time_chunk=288.071530
