[results]
loss=2.2486234
err=0.38227335
elapsed_time_chunk=289.078225
