[results]
loss=2.1452553
err=0.3703325
elapsed_time_chunk=286.693434
