[results]
loss=2.1107144
err=0.36608598
elapsed_time_chunk=285.753004
