[results]
loss=2.1775398
err=0.3701046
elapsed_time_chunk=285.725295
