[results]
loss=2.182137
err=0.37362424
elapsed_time_chunk=284.728177
