[results]
loss=2.0969796
err=0.36333436
elapsed_time_chunk=288.584939
