[results]
loss=2.2469912
err=0.3799482
elapsed_time_chunk=287.288937
