[results]
loss=2.3651981
err=0.39504266
elapsed_time_chunk=290.490209
