[results]
loss=2.1424417
err=0.36838502
elapsed_time_chunk=287.517638
