[results]
loss=3.0122635
err=0.47134092
elapsed_time_chunk=283.044475
