[results]
loss=2.1173453
err=0.36603102
elapsed_time_chunk=290.417191
