[results]
loss=2.192519
err=0.37547085
elapsed_time_chunk=277.041299
