[results]
loss=2.1475358
err=0.3702488
elapsed_time_chunk=288.813905
