[results]
loss=2.3409064
err=0.39273158
elapsed_time_chunk=287.691098
