[results]
loss=2.257293
err=0.38330668
elapsed_time_chunk=287.213099
