[results]
loss=3.0145888
err=0.47088885
elapsed_time_chunk=310.290329
