[results]
loss=3.3598697
err=0.50868726
elapsed_time_chunk=305.319720
