[results]
loss=2.2102826
err=0.37664062
elapsed_time_chunk=284.439552
