[results]
loss=2.211495
err=0.37460867
elapsed_time_chunk=282.436941
