[results]
loss=2.1841733
err=0.37299317
elapsed_time_chunk=285.758660
