[results]
loss=2.1677473
err=0.37214553
elapsed_time_chunk=284.034408
