[results]
loss=2.586621
err=0.4221236
elapsed_time_chunk=284.331752
