[results]
loss=2.2266486
err=0.37904185
elapsed_time_chunk=287.368732
