[results]
loss=2.2161524
err=0.3783909
elapsed_time_chunk=288.184744
