[results]
loss=2.1561804
err=0.3702591
elapsed_time_chunk=291.973090
