[results]
loss=3.9184139
err=0.5660197
elapsed_time_chunk=204.740538
