[results]
loss=3.2655866
err=0.4986421
elapsed_time_chunk=266.567527
