[results]
loss=2.192691
err=0.37366876
elapsed_time_chunk=283.519662
