[results]
loss=2.1591756
err=0.36905953
elapsed_time_chunk=290.262019
