[results]
loss=2.183895
err=0.37371963
elapsed_time_chunk=282.062650
