[results]
loss=2.2757301
err=0.38476577
elapsed_time_chunk=288.716202
