[results]
loss=2.1774552
err=0.37271866
elapsed_time_chunk=283.283135
