[results]
loss=2.2079163
err=0.37532464
elapsed_time_chunk=292.471468
