[results]
loss=2.1402874
err=0.367698
elapsed_time_chunk=285.046793
