[results]
loss=2.2774434
err=0.3854489
elapsed_time_chunk=289.251639
