[results]
loss=2.1441653
err=0.36962968
elapsed_time_chunk=282.671416
