[results]
loss=2.1999862
err=0.37392882
elapsed_time_chunk=280.842642
