[results]
loss=2.2020788
err=0.3733793
elapsed_time_chunk=286.614608
