[results]
loss=2.510736
err=0.41316745
elapsed_time_chunk=287.203894
