[results]
loss=2.127997
err=0.3657652
elapsed_time_chunk=287.911504
