[results]
loss=2.1369145
err=0.36752486
elapsed_time_chunk=292.081046
