[results]
loss=2.4392264
err=0.40568122
elapsed_time_chunk=284.375799
