[results]
loss=2.151701
err=0.37069744
elapsed_time_chunk=292.563864
