[results]
loss=7.836932
err=0.8555929
elapsed_time_chunk=185.988694
