[results]
loss=2.1593084
err=0.3695321
elapsed_time_chunk=285.264374
