[results]
loss=2.2209406
err=0.3785711
elapsed_time_chunk=285.944015
