[results]
loss=4.665692
err=0.6415755
elapsed_time_chunk=175.355445
