[results]
loss=3.2019222
err=0.49214932
elapsed_time_chunk=259.350415
