[results]
loss=2.8490584
err=0.45198637
elapsed_time_chunk=284.076052
