[results]
loss=2.2294352
err=0.37694445
elapsed_time_chunk=281.852890
