[results]
loss=2.1314657
err=0.3679258
elapsed_time_chunk=283.588920
