[results]
loss=2.352811
err=0.39310896
elapsed_time_chunk=284.893955
