[results]
loss=3.745405
err=0.55118567
elapsed_time_chunk=202.675478
