[results]
loss=2.1443129
err=0.3671194
elapsed_time_chunk=286.319620
