[results]
loss=2.3211555
err=0.3884178
elapsed_time_chunk=288.756473
