[results]
loss=2.1397533
err=0.36389622
elapsed_time_chunk=288.300768
