[results]
loss=2.2444918
err=0.38127264
elapsed_time_chunk=286.456026
