[results]
loss=2.299852
err=0.38714868
elapsed_time_chunk=290.720623
