[results]
loss=2.1886702
err=0.3737109
elapsed_time_chunk=285.613886
