[results]
loss=2.3816786
err=0.39457178
elapsed_time_chunk=288.195408
