[results]
loss=2.1410005
err=0.3677627
elapsed_time_chunk=291.912000
