[results]
loss=2.1716669
err=0.37353715
elapsed_time_chunk=289.662374
