[results]
loss=2.1614482
err=0.36824295
elapsed_time_chunk=287.591652
