[results]
loss=2.1908808
err=0.37301838
elapsed_time_chunk=289.528947
