[results]
loss=2.1694198
err=0.37117696
elapsed_time_chunk=284.660663
