[results]
loss=2.0918944
err=0.3624928
elapsed_time_chunk=291.751144
