[results]
loss=2.326598
err=0.39241388
elapsed_time_chunk=285.210380
