[results]
loss=2.2004435
err=0.3737943
elapsed_time_chunk=286.143657
