[results]
loss=2.1683042
err=0.3717677
elapsed_time_chunk=293.959269
