[results]
loss=2.8007228
err=0.4461185
elapsed_time_chunk=277.692739
