[results]
loss=2.1167896
err=0.36620724
elapsed_time_chunk=290.178442
