[results]
loss=2.1039293
err=0.36408785
elapsed_time_chunk=292.806795
