[results]
loss=2.1254978
err=0.3666071
elapsed_time_chunk=286.798228
