[results]
loss=2.5154262
err=0.41171348
elapsed_time_chunk=286.277113
