[results]
loss=2.1164813
err=0.36503354
elapsed_time_chunk=289.832439
