[results]
loss=2.1547453
err=0.36771646
elapsed_time_chunk=286.558670
