[results]
loss=2.1492636
err=0.3681015
elapsed_time_chunk=288.215537
