[results]
loss=2.1267786
err=0.366386
elapsed_time_chunk=286.568428
