[results]
loss=2.5513196
err=0.4153755
elapsed_time_chunk=287.221002
