[results]
loss=3.1696243
err=0.4896584
elapsed_time_chunk=251.192390
