[results]
loss=2.503321
err=0.41367093
elapsed_time_chunk=284.651606
