[results]
loss=2.1168344
err=0.36841798
elapsed_time_chunk=290.232233
