[results]
loss=2.377254
err=0.44070256
elapsed_time_chunk=47.653205
