[results]
loss=3.3952684
err=0.5700848
elapsed_time_chunk=49.036528
