[results]
loss=2.0513434
err=0.39658996
elapsed_time_chunk=48.809876
