[results]
loss=2.5308783
err=0.46039364
elapsed_time_chunk=48.031206
