[results]
loss=1.932579
err=0.37862828
elapsed_time_chunk=48.121646
