[results]
loss=4.3942323
err=0.6822826
elapsed_time_chunk=42.147026
