[results]
loss=2.9335976
err=0.51584965
elapsed_time_chunk=47.927514
