[results]
loss=2.6509602
err=0.4781303
elapsed_time_chunk=48.120880
