[results]
loss=5.2974277
err=0.76115155
elapsed_time_chunk=43.198377
