[results]
loss=1.8768357
err=0.3720435
elapsed_time_chunk=46.870500
