[results]
loss=3.2287776
err=0.552736
elapsed_time_chunk=48.384017
