[results]
loss=2.2018538
err=0.4168043
elapsed_time_chunk=49.582256
