[results]
loss=1.8808182
err=0.37066427
elapsed_time_chunk=49.008932
