[results]
loss=1.8103924
err=0.36166123
elapsed_time_chunk=46.376377
