[results]
loss=3.8186858
err=0.6223561
elapsed_time_chunk=46.967708
