[results]
loss=3.358971
err=0.56356466
elapsed_time_chunk=49.761439
