[results]
loss=4.6554484
err=0.70937175
elapsed_time_chunk=43.409488
