[results]
loss=1.7987548
err=0.35804966
elapsed_time_chunk=48.182465
