[results]
loss=1.8837475
err=0.37089857
elapsed_time_chunk=47.708598
