[results]
loss=1.8154685
err=0.3590087
elapsed_time_chunk=49.275916
