[results]
loss=2.4665418
err=0.45822355
elapsed_time_chunk=48.023039
