[results]
loss=3.6463299
err=0.6016186
elapsed_time_chunk=56.459231
