[results]
loss=1.9724813
err=0.38371986
elapsed_time_chunk=47.692688
