[results]
loss=2.7867308
err=0.49669388
elapsed_time_chunk=53.394692
