[results]
loss=2.2131038
err=0.4181477
elapsed_time_chunk=48.324542
