[results]
loss=2.5276017
err=0.46481362
elapsed_time_chunk=51.238812
