[results]
loss=2.132571
err=0.40805408
elapsed_time_chunk=47.893429
