[results]
loss=3.038269
err=0.52685153
elapsed_time_chunk=47.170316
