[results]
loss=3.6142817
err=0.6005988
elapsed_time_chunk=46.327066
