[results]
loss=1.8297683
err=0.36282676
elapsed_time_chunk=47.212018
