[results]
loss=3.592592
err=0.5947612
elapsed_time_chunk=47.793682
