[results]
loss=2.183047
err=0.41417515
elapsed_time_chunk=47.216444
