[results]
loss=2.0222716
err=0.3906967
elapsed_time_chunk=46.899452
