[results]
loss=2.059468
err=0.3973597
elapsed_time_chunk=47.955671
