[results]
loss=8.437765
err=0.9092372
elapsed_time_chunk=57.437119
