[results]
loss=6.644601
err=0.85096395
elapsed_time_chunk=48.104324
