[results]
loss=4.511287
err=0.6915014
elapsed_time_chunk=43.010559
