[results]
loss=2.5819676
err=0.46979702
elapsed_time_chunk=48.106341
