[results]
loss=2.4177346
err=0.44677693
elapsed_time_chunk=47.859636
