[results]
loss=2.072504
err=0.40059865
elapsed_time_chunk=47.965956
