[results]
loss=2.1289427
err=0.4054566
elapsed_time_chunk=48.484591
