[results]
loss=1.7963854
err=0.3571724
elapsed_time_chunk=47.916849
