[results]
loss=3.424745
err=0.5742432
elapsed_time_chunk=47.307546
