[results]
loss=2.9026515
err=0.5088115
elapsed_time_chunk=49.433515
