[results]
loss=1.8529735
err=0.36564294
elapsed_time_chunk=48.782701
