[results]
loss=2.0321584
err=0.39216918
elapsed_time_chunk=47.884848
