[results]
loss=1.7492006
err=0.35013163
elapsed_time_chunk=48.029750
