[results]
loss=3.0436585
err=0.52837384
elapsed_time_chunk=49.257598
