[results]
loss=1.8076684
err=0.3600524
elapsed_time_chunk=51.337835
