[results]
loss=2.4913814
err=0.4568544
elapsed_time_chunk=48.569027
