[results]
loss=1.8154062
err=0.35930783
elapsed_time_chunk=51.664012
