[results]
loss=1.8396683
err=0.3640887
elapsed_time_chunk=49.066054
