[results]
loss=2.4242024
err=0.44916782
elapsed_time_chunk=49.430158
