[results]
loss=1.7781739
err=0.35768044
elapsed_time_chunk=48.295803
