[results]
loss=2.6464407
err=0.47911367
elapsed_time_chunk=47.990474
