[results]
loss=2.0364213
err=0.3950251
elapsed_time_chunk=48.055043
