[results]
loss=3.070147
err=0.53243566
elapsed_time_chunk=46.856452
