[results]
loss=1.8008662
err=0.3580164
elapsed_time_chunk=47.039628
