[results]
loss=1.8380544
err=0.3623606
elapsed_time_chunk=47.265478
