[results]
loss=2.2055097
err=0.4135693
elapsed_time_chunk=49.124345
