[results]
loss=3.4300432
err=0.5742059
elapsed_time_chunk=49.031655
