[results]
loss=2.110274
err=0.40262038
elapsed_time_chunk=48.105274
