[results]
loss=2.9128838
err=0.51271313
elapsed_time_chunk=48.198079
