[results]
loss=1.7614757
err=0.35208613
elapsed_time_chunk=48.322172
