[results]
loss=1.9050726
err=0.37312907
elapsed_time_chunk=48.066203
