[results]
loss=4.0227847
err=0.6420317
elapsed_time_chunk=75.635010
