[results]
loss=2.2143776
err=0.4165545
elapsed_time_chunk=47.917654
