[results]
loss=1.9181426
err=0.3756438
elapsed_time_chunk=48.211897
