[results]
loss=1.8896694
err=0.3740204
elapsed_time_chunk=49.035614
