[results]
loss=3.622812
err=0.5961983
elapsed_time_chunk=47.705257
