[results]
loss=3.9154305
err=0.63194025
elapsed_time_chunk=49.520041
