[results]
loss=3.1942263
err=0.54696196
elapsed_time_chunk=49.054901
