[results]
loss=2.7260404
err=0.48880202
elapsed_time_chunk=48.327403
