[results]
loss=2.2507155
err=0.42511618
elapsed_time_chunk=48.689889
