[results]
loss=1.8029386
err=0.35978705
elapsed_time_chunk=47.721431
