[results]
loss=2.0622356
err=0.3974877
elapsed_time_chunk=48.525877
