[results]
loss=1.972843
err=0.38263783
elapsed_time_chunk=48.969801
