[results]
loss=3.3542151
err=0.56851304
elapsed_time_chunk=48.792198
