[results]
loss=3.078407
err=0.53425914
elapsed_time_chunk=48.331275
