[results]
loss=2.4884832
err=0.45601162
elapsed_time_chunk=47.988651
