[results]
loss=3.9675424
err=0.6397169
elapsed_time_chunk=48.483887
