[results]
loss=2.6365197
err=0.47565553
elapsed_time_chunk=48.417655
