[results]
loss=2.851939
err=0.50528824
elapsed_time_chunk=47.589499
