[results]
loss=2.7712827
err=0.49550787
elapsed_time_chunk=48.878412
