[results]
loss=1.7800031
err=0.35431418
elapsed_time_chunk=49.222731
