[results]
loss=2.9900334
err=0.5249718
elapsed_time_chunk=46.756997
