[results]
loss=2.7354758
err=0.49086472
elapsed_time_chunk=47.757984
