[results]
loss=2.062192
err=0.39620999
elapsed_time_chunk=48.196240
