[results]
loss=2.7953773
err=0.49512967
elapsed_time_chunk=47.913105
