[results]
loss=1.8027749
err=0.35778672
elapsed_time_chunk=47.613241
