[results]
loss=1.9843606
err=0.3870327
elapsed_time_chunk=47.422204
