[results]
loss=5.923649
err=0.8104727
elapsed_time_chunk=45.609171
