[results]
loss=2.1040876
err=0.4025942
elapsed_time_chunk=48.057159
