[results]
loss=1.7828606
err=0.35523918
elapsed_time_chunk=46.368438
