[results]
loss=3.600824
err=0.60040265
elapsed_time_chunk=51.380425
