[results]
loss=2.8250465
err=0.5018753
elapsed_time_chunk=47.331907
