[results]
loss=1.9247587
err=0.3775763
elapsed_time_chunk=49.728304
