[results]
loss=2.1297278
err=0.40623832
elapsed_time_chunk=49.174028
