[results]
loss=3.1676598
err=0.54538924
elapsed_time_chunk=47.962070
