[results]
loss=1.8384056
err=0.36467594
elapsed_time_chunk=49.385625
