[results]
loss=4.799438
err=0.72064024
elapsed_time_chunk=60.782240
