[results]
loss=2.179534
err=0.4142815
elapsed_time_chunk=47.847105
