[results]
loss=1.8123204
err=0.35945436
elapsed_time_chunk=49.230926
