[results]
loss=2.9043372
err=0.5090993
elapsed_time_chunk=48.434507
