[results]
loss=2.164033
err=0.41103104
elapsed_time_chunk=48.251045
