[results]
loss=2.459258
err=0.45222193
elapsed_time_chunk=47.618919
