[results]
loss=3.0422294
err=0.5269572
elapsed_time_chunk=49.713839
