[results]
loss=1.8858386
err=0.370658
elapsed_time_chunk=47.684227
