[results]
loss=2.647563
err=0.47549456
elapsed_time_chunk=48.653231
