[results]
loss=2.47003
err=0.45471203
elapsed_time_chunk=48.869040
