[results]
loss=5.5917087
err=0.78521043
elapsed_time_chunk=45.083323
