[results]
loss=4.4176087
err=0.6889034
elapsed_time_chunk=43.893245
