[results]
loss=2.5583553
err=0.46691868
elapsed_time_chunk=47.275292
