[results]
loss=3.253473
err=0.55626595
elapsed_time_chunk=47.476128
