[results]
loss=2.7545984
err=0.49294722
elapsed_time_chunk=48.795483
