[results]
loss=3.9429784
err=0.6365919
elapsed_time_chunk=49.126212
