[results]
loss=2.599311
err=0.472888
elapsed_time_chunk=47.449064
