[results]
loss=2.1200266
err=0.40387788
elapsed_time_chunk=46.386292
