[results]
loss=1.9187858
err=0.37638018
elapsed_time_chunk=48.225814
