[results]
loss=3.196288
err=0.54488415
elapsed_time_chunk=49.835941
