[results]
loss=0.8635243
err=0.15645462
elapsed_time_chunk=107.775997
