[results]
loss=4.728992
err=0.71043724
elapsed_time_chunk=110.687046
