[results]
loss=0.8306689
err=0.15104212
elapsed_time_chunk=108.045108
