[results]
loss=4.599474
err=0.7005321
elapsed_time_chunk=109.002054
