[results]
loss=0.82169354
err=0.1490498
elapsed_time_chunk=106.884433
