[results]
loss=0.8172444
err=0.14794774
elapsed_time_chunk=107.225944
