[results]
loss=0.81694746
err=0.1473536
elapsed_time_chunk=107.926196
