[results]
loss=0.81182265
err=0.14630072
elapsed_time_chunk=108.503356
