[results]
loss=0.8908405
err=0.16261512
elapsed_time_chunk=116.428829
