[results]
loss=0.8033778
err=0.14447314
elapsed_time_chunk=107.469955
