[results]
loss=0.81432503
err=0.1458662
elapsed_time_chunk=108.553458
