[results]
loss=5.5660453
err=0.7847565
elapsed_time_chunk=110.032966
