[results]
loss=0.9012831
err=0.16497308
elapsed_time_chunk=115.656102
