[results]
loss=2.3826008
err=0.42784682
elapsed_time_chunk=108.120186
