[results]
loss=0.8237212
err=0.1468373
elapsed_time_chunk=108.039564
