[results]
loss=1.6549478
err=0.31094766
elapsed_time_chunk=115.169385
