[results]
loss=0.8226318
err=0.14885217
elapsed_time_chunk=107.917355
