[results]
loss=0.8285431
err=0.14957106
elapsed_time_chunk=107.133422
