[results]
loss=2.2473886
err=0.40124932
elapsed_time_chunk=110.800352
