[results]
loss=1.6553442
err=0.30930516
elapsed_time_chunk=118.560051
