[results]
loss=0.81093186
err=0.14560641
elapsed_time_chunk=105.315054
