[results]
loss=0.8252637
err=0.14928783
elapsed_time_chunk=108.903227
