[results]
loss=2.6735713
err=0.46827602
elapsed_time_chunk=110.894399
