[results]
loss=0.8148629
err=0.1463156
elapsed_time_chunk=110.202606
