[results]
loss=0.8460502
err=0.1547357
elapsed_time_chunk=104.735193
