[results]
loss=1.3178408
err=0.24470995
elapsed_time_chunk=122.421301
