[results]
loss=1.5511533
err=0.28535897
elapsed_time_chunk=109.907455
