[results]
loss=0.81198883
err=0.14584574
elapsed_time_chunk=107.745573
