[results]
loss=0.81613404
err=0.1477391
elapsed_time_chunk=106.709891
