[results]
loss=0.85669047
err=0.15641621
elapsed_time_chunk=111.216575
