[results]
loss=1.0481949
err=0.19487482
elapsed_time_chunk=118.018376
