[results]
loss=2.74462
err=0.47164243
elapsed_time_chunk=109.083139
