[results]
loss=1.8546109
err=0.3400416
elapsed_time_chunk=109.538654
