[results]
loss=0.8412174
err=0.15170795
elapsed_time_chunk=109.862113
