[results]
loss=0.82114255
err=0.14820044
elapsed_time_chunk=106.636153
