[results]
loss=1.867018
err=0.34112683
elapsed_time_chunk=109.254324
