[results]
loss=1.2150738
err=0.2296398
elapsed_time_chunk=117.207644
