[results]
loss=2.4739401
err=0.435196
elapsed_time_chunk=108.116112
