[results]
loss=1.0384102
err=0.19408341
elapsed_time_chunk=115.390511
