[results]
loss=3.8666885
err=0.620633
elapsed_time_chunk=112.784112
