[results]
loss=1.1624758
err=0.21531168
elapsed_time_chunk=118.047514
