[results]
loss=2.4109304
err=0.4320682
elapsed_time_chunk=109.305273
