[results]
loss=0.82482654
err=0.1481451
elapsed_time_chunk=107.428810
