[results]
loss=3.8903399
err=0.6204246
elapsed_time_chunk=114.690689
