[results]
loss=1.0394233
err=0.19272624
elapsed_time_chunk=115.791652
