[results]
loss=0.82401574
err=0.14848647
elapsed_time_chunk=109.055788
