[results]
loss=0.8297644
err=0.14969589
elapsed_time_chunk=106.656356
