[results]
loss=0.8555886
err=0.15606147
elapsed_time_chunk=108.737567
