[results]
loss=0.8966836
err=0.16385181
elapsed_time_chunk=115.229960
