[results]
loss=7.0303226
err=0.8729535
elapsed_time_chunk=112.611897
