[results]
loss=0.8145911
err=0.14704996
elapsed_time_chunk=108.962855
