[results]
loss=0.81493986
err=0.14667371
elapsed_time_chunk=108.611706
