[results]
loss=2.5725982
err=0.45421055
elapsed_time_chunk=107.562922
