[results]
loss=3.0291295
err=0.5081465
elapsed_time_chunk=109.240780
