[results]
loss=3.4813848
err=0.5721363
elapsed_time_chunk=111.864016
