[results]
loss=3.5133955
err=0.5783522
elapsed_time_chunk=113.919238
