[results]
loss=3.856737
err=0.6176427
elapsed_time_chunk=117.300648
