[results]
loss=1.0393395
err=0.19472353
elapsed_time_chunk=118.695844
