[results]
loss=0.90895796
err=0.16865331
elapsed_time_chunk=114.451344
