[results]
loss=4.951966
err=0.7299085
elapsed_time_chunk=119.422757
