[results]
loss=3.9687288
err=0.62969875
elapsed_time_chunk=122.899238
