[results]
loss=3.9598105
err=0.6287744
elapsed_time_chunk=109.239476
