[results]
loss=6.191568
err=0.8281903
elapsed_time_chunk=116.192593
