[results]
loss=0.863019
err=0.15856804
elapsed_time_chunk=109.985242
