[results]
loss=0.81925106
err=0.14628968
elapsed_time_chunk=109.415925
