[results]
loss=0.82693577
err=0.1498878
elapsed_time_chunk=108.611270
