[results]
loss=1.8562528
err=0.3382111
elapsed_time_chunk=110.235337
