[results]
loss=0.8190843
err=0.14843129
elapsed_time_chunk=108.218309
