[results]
loss=3.1223855
err=0.5256139
elapsed_time_chunk=110.738468
