[results]
loss=0.96121377
err=0.17786597
elapsed_time_chunk=117.854708
