[results]
loss=2.8569176
err=0.4910468
elapsed_time_chunk=109.566403
