[results]
loss=1.3312775
err=0.24953099
elapsed_time_chunk=115.214501
