[results]
loss=1.3575072
err=0.24849442
elapsed_time_chunk=119.959489
