[results]
loss=0.83392924
err=0.15073879
elapsed_time_chunk=109.210059
