[results]
loss=1.3127214
err=0.24448419
elapsed_time_chunk=125.122158
