[results]
loss=0.8710541
err=0.15737407
elapsed_time_chunk=108.045218
