[results]
loss=2.6421459
err=0.46121258
elapsed_time_chunk=109.899906
