[results]
loss=1.8558053
err=0.33427086
elapsed_time_chunk=108.507101
