[results]
loss=0.8247379
err=0.14851688
elapsed_time_chunk=109.371511
