[results]
loss=0.83440506
err=0.14982553
elapsed_time_chunk=107.533603
