[results]
loss=3.5296721
err=0.57986295
elapsed_time_chunk=113.791668
