[results]
loss=2.3184526
err=0.41435942
elapsed_time_chunk=109.812165
