[results]
loss=0.99482024
err=0.18412375
elapsed_time_chunk=116.115648
