[results]
loss=0.8100865
err=0.14605287
elapsed_time_chunk=108.115405
