[results]
loss=0.8107834
err=0.1466152
elapsed_time_chunk=108.610466
