[results]
loss=1.5715221
err=0.2905318
elapsed_time_chunk=115.485261
