[results]
loss=0.82034284
err=0.14819467
elapsed_time_chunk=107.645275
