[results]
loss=0.80782354
err=0.14556043
elapsed_time_chunk=106.529854
