[results]
loss=0.8150068
err=0.14758992
elapsed_time_chunk=108.181115
