[results]
loss=3.4728425
err=0.5723734
elapsed_time_chunk=114.722980
