[results]
loss=0.82361853
err=0.14800674
elapsed_time_chunk=108.872025
