[results]
loss=2.9423583
err=0.5061456
elapsed_time_chunk=106.562948
