[results]
loss=0.99172306
err=0.18551792
elapsed_time_chunk=118.831982
