[results]
loss=1.2233646
err=0.23134226
elapsed_time_chunk=114.954963
