[results]
loss=1.068298
err=0.1975898
elapsed_time_chunk=117.384412
