[results]
loss=0.8263671
err=0.14949875
elapsed_time_chunk=107.455813
