[results]
loss=9.061711
err=0.92823124
elapsed_time_chunk=116.920739
