[results]
loss=1.1813493
err=0.21970749
elapsed_time_chunk=114.177089
