[results]
loss=0.8120492
err=0.14748937
elapsed_time_chunk=110.643281
