[results]
loss=2.843038
err=0.49036285
elapsed_time_chunk=109.470950
