[results]
loss=0.90809005
err=0.16851403
elapsed_time_chunk=111.412242
