[results]
loss=1.6250699
err=0.30194196
elapsed_time_chunk=116.411552
