[results]
loss=4.5864725
err=0.69765615
elapsed_time_chunk=110.072842
