[results]
loss=0.8184081
err=0.14695354
elapsed_time_chunk=109.087730
