[results]
loss=0.82242984
err=0.15024783
elapsed_time_chunk=109.961615
