[results]
loss=2.5558667
err=0.4527733
elapsed_time_chunk=108.562680
