[results]
loss=0.97896445
err=0.18255953
elapsed_time_chunk=115.714636
