[results]
loss=1.3493556
err=0.25483033
elapsed_time_chunk=121.074610
