[results]
loss=4.809913
err=0.7182437
elapsed_time_chunk=113.178015
