[results]
loss=3.1874895
err=0.533654
elapsed_time_chunk=110.684932
