[results]
loss=2.8500702
err=0.48817375
elapsed_time_chunk=108.490757
