[results]
loss=2.3822286
err=0.42776054
elapsed_time_chunk=110.493065
