[results]
loss=3.4242864
err=0.5638866
elapsed_time_chunk=114.239116
