[results]
loss=5.829046
err=0.79917556
elapsed_time_chunk=112.323442
