[results]
loss=0.9515158
err=0.17714238
elapsed_time_chunk=115.281102
