[results]
loss=1.8555716
err=0.342203
elapsed_time_chunk=109.044804
