[results]
loss=0.85136414
err=0.15493797
elapsed_time_chunk=108.727436
