[results]
loss=3.2033412
err=0.53966093
elapsed_time_chunk=109.161179
