[results]
loss=3.187338
err=0.5365199
elapsed_time_chunk=109.267113
