[results]
loss=1.1913023
err=0.2228564
elapsed_time_chunk=115.145032
