[results]
loss=2.1390772
err=0.40528753
elapsed_time_chunk=47.158631
