[results]
loss=2.0079153
err=0.38798085
elapsed_time_chunk=47.833812
