[results]
loss=2.5103552
err=0.45792538
elapsed_time_chunk=50.306194
