[results]
loss=2.971757
err=0.5231645
elapsed_time_chunk=49.305449
