[results]
loss=2.3864465
err=0.43938336
elapsed_time_chunk=50.305679
