[results]
loss=2.6423714
err=0.47406268
elapsed_time_chunk=49.167735
