[results]
loss=2.1748247
err=0.41048613
elapsed_time_chunk=46.841952
