[results]
loss=3.0723238
err=0.5358961
elapsed_time_chunk=45.282844
