[results]
loss=1.9873093
err=0.3826937
elapsed_time_chunk=47.686277
