[results]
loss=3.3675067
err=0.5709026
elapsed_time_chunk=51.525432
