[results]
loss=2.215715
err=0.4157103
elapsed_time_chunk=47.354854
