[results]
loss=2.5867658
err=0.468002
elapsed_time_chunk=47.529113
