[results]
loss=2.0010657
err=0.3860925
elapsed_time_chunk=46.700125
