[results]
loss=4.800897
err=0.7214291
elapsed_time_chunk=55.133087
