[results]
loss=3.6424696
err=0.59607136
elapsed_time_chunk=48.245871
