[results]
loss=2.0129046
err=0.38781154
elapsed_time_chunk=49.837031
