[results]
loss=2.264999
err=0.42470995
elapsed_time_chunk=49.515067
