[results]
loss=3.0223503
err=0.52444524
elapsed_time_chunk=50.719140
