[results]
loss=2.0024307
err=0.3887561
elapsed_time_chunk=50.370535
