[results]
loss=2.0184832
err=0.38838437
elapsed_time_chunk=45.237393
