[results]
loss=3.6183453
err=0.5997157
elapsed_time_chunk=49.804188
