[results]
loss=2.055103
err=0.39275175
elapsed_time_chunk=50.226818
