[results]
loss=2.4054503
err=0.4434625
elapsed_time_chunk=49.852953
