[results]
loss=2.9354885
err=0.51451814
elapsed_time_chunk=50.132396
