[results]
loss=2.6796618
err=0.47879422
elapsed_time_chunk=47.918147
