[results]
loss=8.443616
err=0.90880966
elapsed_time_chunk=63.296846
