[results]
loss=2.037335
err=0.3909102
elapsed_time_chunk=50.044359
