[results]
loss=2.0717247
err=0.39527103
elapsed_time_chunk=50.193997
