[results]
loss=2.478054
err=0.45333976
elapsed_time_chunk=49.149289
