[results]
loss=5.9339986
err=0.8113159
elapsed_time_chunk=46.553160
