[results]
loss=2.010665
err=0.38826296
elapsed_time_chunk=47.013965
