[results]
loss=2.2185686
err=0.4187726
elapsed_time_chunk=46.416282
