[results]
loss=2.0096893
err=0.3876826
elapsed_time_chunk=46.833785
