[results]
loss=2.1065183
err=0.40232295
elapsed_time_chunk=50.728463
