[results]
loss=2.087121
err=0.39932925
elapsed_time_chunk=49.973512
