[results]
loss=2.0438068
err=0.39370093
elapsed_time_chunk=48.834181
