[results]
loss=3.1906314
err=0.54760903
elapsed_time_chunk=50.521487
