[results]
loss=2.0580204
err=0.39568138
elapsed_time_chunk=48.341722
