[results]
loss=2.1971118
err=0.416399
elapsed_time_chunk=51.113854
