[results]
loss=3.595531
err=0.59975976
elapsed_time_chunk=49.463071
