[results]
loss=2.6509666
err=0.47670814
elapsed_time_chunk=48.724554
