[results]
loss=2.0565832
err=0.3932882
elapsed_time_chunk=47.573147
