[results]
loss=5.314039
err=0.7611907
elapsed_time_chunk=54.159368
