[results]
loss=2.081484
err=0.3978493
elapsed_time_chunk=49.272077
