[results]
loss=3.0164528
err=0.5253734
elapsed_time_chunk=49.654134
