[results]
loss=3.8543973
err=0.625863
elapsed_time_chunk=49.742974
