[results]
loss=2.0644329
err=0.3944893
elapsed_time_chunk=49.273691
