[results]
loss=3.429802
err=0.5763393
elapsed_time_chunk=49.791038
