[results]
loss=1.9955283
err=0.3864907
elapsed_time_chunk=50.036162
