[results]
loss=2.252914
err=0.42298508
elapsed_time_chunk=49.156812
