[results]
loss=2.385196
err=0.4410194
elapsed_time_chunk=52.806738
