[results]
loss=2.0586953
err=0.39608362
elapsed_time_chunk=50.480166
