[results]
loss=2.1979089
err=0.4141246
elapsed_time_chunk=49.605114
