[results]
loss=2.4578145
err=0.45456484
elapsed_time_chunk=50.273567
