[results]
loss=3.2035997
err=0.5457328
elapsed_time_chunk=47.199355
