[results]
loss=2.0817885
err=0.39846364
elapsed_time_chunk=49.207539
