[results]
loss=2.1320167
err=0.40699345
elapsed_time_chunk=49.781563
