[results]
loss=4.515173
err=0.6913607
elapsed_time_chunk=46.491943
