[results]
loss=2.1687741
err=0.4108989
elapsed_time_chunk=49.514383
