[results]
loss=2.434703
err=0.44289616
elapsed_time_chunk=47.299928
