[results]
loss=3.6607268
err=0.60202795
elapsed_time_chunk=57.886634
