[results]
loss=2.157681
err=0.4075743
elapsed_time_chunk=46.686983
