[results]
loss=2.5285718
err=0.46030617
elapsed_time_chunk=49.369174
