[results]
loss=2.5090647
err=0.4601104
elapsed_time_chunk=48.416960
