[results]
loss=2.5343046
err=0.45743486
elapsed_time_chunk=49.208288
