[results]
loss=2.0023851
err=0.38659242
elapsed_time_chunk=47.949801
