[results]
loss=1.9987848
err=0.3874485
elapsed_time_chunk=50.518890
