[results]
loss=2.099521
err=0.4016365
elapsed_time_chunk=48.437968
