[results]
loss=3.9251266
err=0.63719046
elapsed_time_chunk=51.796706
