[results]
loss=2.386581
err=0.4448685
elapsed_time_chunk=47.964340
