[results]
loss=2.8919137
err=0.5096468
elapsed_time_chunk=51.601014
