[results]
loss=2.350383
err=0.43568146
elapsed_time_chunk=48.304727
