[results]
loss=3.1576645
err=0.5427866
elapsed_time_chunk=46.866993
