[results]
loss=2.2038448
err=0.4171481
elapsed_time_chunk=52.089101
