[results]
loss=2.01847
err=0.38902432
elapsed_time_chunk=50.310204
