[results]
loss=4.376015
err=0.68019503
elapsed_time_chunk=41.602822
