[results]
loss=2.0010102
err=0.38679418
elapsed_time_chunk=49.890237
