[results]
loss=3.3665395
err=0.56673825
elapsed_time_chunk=49.692729
