[results]
loss=2.4383647
err=0.4498027
elapsed_time_chunk=47.560341
