[results]
loss=2.224098
err=0.41845933
elapsed_time_chunk=46.933021
