[results]
loss=4.4284625
err=0.6909141
elapsed_time_chunk=49.119508
