[results]
loss=3.224763
err=0.5509914
elapsed_time_chunk=50.560775
