[results]
loss=2.056306
err=0.3935018
elapsed_time_chunk=53.275737
