[results]
loss=2.5747852
err=0.46805716
elapsed_time_chunk=47.722275
