[results]
loss=2.1808667
err=0.41348335
elapsed_time_chunk=49.077007
