[results]
loss=2.4173915
err=0.44611406
elapsed_time_chunk=50.031372
