[results]
loss=2.8990805
err=0.51167333
elapsed_time_chunk=49.393778
