[results]
loss=2.2485979
err=0.421754
elapsed_time_chunk=50.624913
