[results]
loss=2.0118227
err=0.3868851
elapsed_time_chunk=48.981685
