[results]
loss=3.9632795
err=0.6402656
elapsed_time_chunk=48.878587
