[results]
loss=2.6216865
err=0.47503036
elapsed_time_chunk=51.451162
