[results]
loss=1.998839
err=0.38696033
elapsed_time_chunk=48.270600
