[results]
loss=4.6801963
err=0.71094805
elapsed_time_chunk=47.304948
