[results]
loss=2.3618057
err=0.43793637
elapsed_time_chunk=50.062571
