[results]
loss=2.6398172
err=0.47668806
elapsed_time_chunk=50.288313
