[results]
loss=3.2659535
err=0.55739903
elapsed_time_chunk=48.390800
