[results]
loss=3.9128387
err=0.6322566
elapsed_time_chunk=49.618003
