[results]
loss=2.2313542
err=0.4185636
elapsed_time_chunk=50.688621
