[results]
loss=3.0716958
err=0.53345746
elapsed_time_chunk=51.599978
