[results]
loss=3.0479681
err=0.5275722
elapsed_time_chunk=47.019552
