[results]
loss=2.0209448
err=0.38836384
elapsed_time_chunk=52.832721
