[results]
loss=2.0883362
err=0.398832
elapsed_time_chunk=50.492491
