[results]
loss=2.0229914
err=0.3887671
elapsed_time_chunk=49.422727
