[results]
loss=2.0230217
err=0.39003137
elapsed_time_chunk=49.427671
