[results]
loss=2.0843384
err=0.3998182
elapsed_time_chunk=47.674643
