[results]
loss=2.0633864
err=0.3969169
elapsed_time_chunk=48.333114
