[results]
loss=4.0135546
err=0.6423182
elapsed_time_chunk=75.587365
