[results]
loss=2.0798361
err=0.39705464
elapsed_time_chunk=48.282430
