[results]
loss=2.895402
err=0.5091231
elapsed_time_chunk=49.500777
