[results]
loss=3.601287
err=0.5973314
elapsed_time_chunk=50.171272
