[results]
loss=2.3469455
err=0.4344671
elapsed_time_chunk=49.343127
