[results]
loss=2.1221466
err=0.4054913
elapsed_time_chunk=49.752511
