[results]
loss=1.9999977
err=0.3862274
elapsed_time_chunk=48.269849
