[results]
loss=6.653837
err=0.85134697
elapsed_time_chunk=47.610741
