[results]
loss=2.4889743
err=0.45464748
elapsed_time_chunk=49.711473
