[results]
loss=3.3871424
err=0.57085913
elapsed_time_chunk=50.856864
