[results]
loss=3.440459
err=0.5767135
elapsed_time_chunk=45.861185
