[results]
loss=2.6392329
err=0.47874278
elapsed_time_chunk=48.014431
