[results]
loss=2.1144414
err=0.40342745
elapsed_time_chunk=50.489183
