[results]
loss=5.5918465
err=0.78531957
elapsed_time_chunk=46.578737
