[results]
loss=0.94133973
err=0.19507867
elapsed_time_chunk=113.342525
