[results]
loss=4.5646076
err=0.7067817
elapsed_time_chunk=132.792946
