[results]
loss=1.9073291
err=0.37238646
elapsed_time_chunk=116.206592
