[results]
loss=0.5187219
err=0.09777635
elapsed_time_chunk=111.230537
