[results]
loss=2.318363
err=0.4308395
elapsed_time_chunk=114.233635
