[results]
loss=2.1425421
err=0.40678608
elapsed_time_chunk=111.740906
