[results]
loss=0.8453038
err=0.17645076
elapsed_time_chunk=113.551647
