[results]
loss=2.0884316
err=0.39813527
elapsed_time_chunk=114.372811
