[results]
loss=0.51219875
err=0.0962581
elapsed_time_chunk=113.610308
