[results]
loss=0.5854046
err=0.11726583
elapsed_time_chunk=113.558409
