[results]
loss=0.8285594
err=0.17002667
elapsed_time_chunk=114.678450
