[results]
loss=0.5446232
err=0.10563014
elapsed_time_chunk=111.810820
