[results]
loss=1.4081409
err=0.28485543
elapsed_time_chunk=114.113732
