[results]
loss=0.5191856
err=0.09887673
elapsed_time_chunk=112.204474
