[results]
loss=0.86028814
err=0.18089743
elapsed_time_chunk=114.726306
