[results]
loss=1.1551145
err=0.23724581
elapsed_time_chunk=114.495185
