[results]
loss=0.57588565
err=0.1138188
elapsed_time_chunk=115.004085
