[results]
loss=0.51562196
err=0.09739101
elapsed_time_chunk=110.825261
