[results]
loss=2.1517696
err=0.4075811
elapsed_time_chunk=114.861137
