[results]
loss=0.5260527
err=0.10089868
elapsed_time_chunk=116.445200
