[results]
loss=0.5240173
err=0.10013163
elapsed_time_chunk=114.935157
