[results]
loss=1.440818
err=0.2863072
elapsed_time_chunk=114.565977
