[results]
loss=2.3928661
err=0.43849808
elapsed_time_chunk=111.317442
