[results]
loss=0.52692807
err=0.1021994
elapsed_time_chunk=113.175533
