[results]
loss=0.53626007
err=0.10202682
elapsed_time_chunk=114.417440
