[results]
loss=0.5141724
err=0.09832385
elapsed_time_chunk=112.018415
