[results]
loss=1.4238908
err=0.28633925
elapsed_time_chunk=114.162460
