[results]
loss=0.52061063
err=0.09892588
elapsed_time_chunk=114.788142
