[results]
loss=2.4486299
err=0.4461992
elapsed_time_chunk=114.951605
