[results]
loss=3.6798456
err=0.60220826
elapsed_time_chunk=122.222600
