[results]
loss=1.8394237
err=0.36083853
elapsed_time_chunk=115.287568
