[results]
loss=0.5070397
err=0.09527784
elapsed_time_chunk=111.536374
