[results]
loss=0.5466872
err=0.10739641
elapsed_time_chunk=112.854876
