[results]
loss=0.6579115
err=0.13263497
elapsed_time_chunk=114.734520
