[results]
loss=1.9349946
err=0.3772643
elapsed_time_chunk=111.306227
