[results]
loss=0.52415913
err=0.09889754
elapsed_time_chunk=112.254919
