[results]
loss=0.51804215
err=0.09782717
elapsed_time_chunk=114.917151
