[results]
loss=0.51950526
err=0.0973277
elapsed_time_chunk=113.180715
