[results]
loss=0.5157889
err=0.09867084
elapsed_time_chunk=110.548721
