[results]
loss=0.5261431
err=0.100696065
elapsed_time_chunk=113.891398
