[results]
loss=0.519293
err=0.099251576
elapsed_time_chunk=113.035189
