[results]
loss=0.6533454
err=0.13325745
elapsed_time_chunk=112.086056
