[results]
loss=5.6583447
err=0.7947481
elapsed_time_chunk=137.654681
