[results]
loss=4.3887544
err=0.68105316
elapsed_time_chunk=130.251332
