[results]
loss=0.52677834
err=0.10059422
elapsed_time_chunk=114.061054
