[results]
loss=1.42394
err=0.28738865
elapsed_time_chunk=113.986489
