[results]
loss=0.9795373
err=0.20242003
elapsed_time_chunk=114.043065
