[results]
loss=0.51936316
err=0.09750678
elapsed_time_chunk=110.751929
