[results]
loss=0.5270804
err=0.10187414
elapsed_time_chunk=113.315187
