[results]
loss=0.52057624
err=0.098729916
elapsed_time_chunk=111.915378
