[results]
loss=2.4444351
err=0.4506983
elapsed_time_chunk=112.607098
