[results]
loss=2.8720646
err=0.4997866
elapsed_time_chunk=116.075559
