[results]
loss=0.51361215
err=0.09607347
elapsed_time_chunk=112.951128
