[results]
loss=2.77877
err=0.49567762
elapsed_time_chunk=111.844217
