[results]
loss=3.7302046
err=0.6085051
elapsed_time_chunk=120.091491
