[results]
loss=1.410145
err=0.28696278
elapsed_time_chunk=114.415030
