[results]
loss=8.020653
err=0.89842564
elapsed_time_chunk=138.752231
