[results]
loss=0.773551
err=0.16440013
elapsed_time_chunk=115.337415
