[results]
loss=0.5254333
err=0.09927042
elapsed_time_chunk=112.616595
