[results]
loss=0.5271177
err=0.099447906
elapsed_time_chunk=114.577950
