[results]
loss=1.1739736
err=0.24227013
elapsed_time_chunk=113.530901
