[results]
loss=0.52050614
err=0.09878717
elapsed_time_chunk=112.248662
