[results]
loss=0.5588292
err=0.10912269
elapsed_time_chunk=116.207376
