[results]
loss=1.2383025
err=0.25845504
elapsed_time_chunk=115.137339
