[results]
loss=0.86196876
err=0.18291982
elapsed_time_chunk=112.161479
