[results]
loss=0.5533648
err=0.10731581
elapsed_time_chunk=114.199197
