[results]
loss=0.5265798
err=0.0999388
elapsed_time_chunk=117.551368
