[results]
loss=0.8388017
err=0.17392752
elapsed_time_chunk=116.522312
