[results]
loss=0.51981014
err=0.098184824
elapsed_time_chunk=111.890723
