[results]
loss=1.7360873
err=0.34206402
elapsed_time_chunk=113.028248
