[results]
loss=0.55250835
err=0.10658513
elapsed_time_chunk=114.698097
