[results]
loss=2.793206
err=0.4919487
elapsed_time_chunk=115.014491
