[results]
loss=0.9621308
err=0.20305663
elapsed_time_chunk=112.704201
