[results]
loss=0.5175637
err=0.09781348
elapsed_time_chunk=111.491508
