[results]
loss=0.5345471
err=0.10126852
elapsed_time_chunk=113.291332
