[results]
loss=2.114182
err=0.4015276
elapsed_time_chunk=113.570538
