[results]
loss=0.5256001
err=0.100484654
elapsed_time_chunk=117.600920
