[results]
loss=0.52334744
err=0.09878948
elapsed_time_chunk=114.718024
