[results]
loss=0.51507884
err=0.09788806
elapsed_time_chunk=111.926148
