[results]
loss=0.5207129
err=0.0994427
elapsed_time_chunk=114.757957
