[results]
loss=0.742371
err=0.15294611
elapsed_time_chunk=112.546927
