[results]
loss=1.8428301
err=0.36042145
elapsed_time_chunk=117.349819
