[results]
loss=0.52291846
err=0.09936026
elapsed_time_chunk=116.776979
