[results]
loss=0.5144615
err=0.097523294
elapsed_time_chunk=112.464597
