[results]
loss=0.51785773
err=0.0983847
elapsed_time_chunk=116.806629
