[results]
loss=0.7320919
err=0.15170567
elapsed_time_chunk=113.877038
