[results]
loss=0.52854216
err=0.099594794
elapsed_time_chunk=114.236593
