[results]
loss=0.5892838
err=0.11837962
elapsed_time_chunk=112.226437
