[results]
loss=0.5195015
err=0.09652836
elapsed_time_chunk=110.837141
