[results]
loss=0.5129676
err=0.096317954
elapsed_time_chunk=111.928129
