[results]
loss=0.5237996
err=0.099699385
elapsed_time_chunk=111.526860
