[results]
loss=0.6529604
err=0.1353679
elapsed_time_chunk=115.339411
