[results]
loss=0.58268136
err=0.11550333
elapsed_time_chunk=113.599076
