[results]
loss=0.51086485
err=0.09728239
elapsed_time_chunk=112.639366
