[results]
loss=3.5812447
err=0.5939763
elapsed_time_chunk=121.974611
