[results]
loss=0.98375005
err=0.20422304
elapsed_time_chunk=116.942992
