[results]
loss=0.7677735
err=0.16264156
elapsed_time_chunk=115.730243
