[results]
loss=0.5343197
err=0.1011607
elapsed_time_chunk=113.543707
