[results]
loss=0.64107776
err=0.13102624
elapsed_time_chunk=115.075898
