[results]
loss=2.8053064
err=0.49693203
elapsed_time_chunk=113.822322
