[results]
loss=1.2160635
err=0.25174665
elapsed_time_chunk=115.653304
