[results]
loss=0.51169133
err=0.09845421
elapsed_time_chunk=109.595894
