[results]
loss=0.5906324
err=0.11710495
elapsed_time_chunk=114.131976
