[results]
loss=1.9680922
err=0.3761768
elapsed_time_chunk=115.525811
