[results]
loss=3.4640543
err=0.5826672
elapsed_time_chunk=121.620934
