[results]
loss=2.7952683
err=0.49332052
elapsed_time_chunk=114.396262
