[results]
loss=0.76552135
err=0.16038664
elapsed_time_chunk=113.652453
