[results]
loss=0.6494958
err=0.13322137
elapsed_time_chunk=114.075638
