[results]
loss=0.9724411
err=0.19808589
elapsed_time_chunk=117.497003
