[results]
loss=1.233548
err=0.25418448
elapsed_time_chunk=115.062346
