[results]
loss=4.9450884
err=0.7415749
elapsed_time_chunk=135.889622
