[results]
loss=2.4160414
err=0.44421256
elapsed_time_chunk=115.539269
