[results]
loss=0.5197863
err=0.099716045
elapsed_time_chunk=113.666635
