[results]
loss=0.51744574
err=0.0981668
elapsed_time_chunk=111.016576
