[results]
loss=0.54773057
err=0.10592751
elapsed_time_chunk=115.823174
