[results]
loss=3.4307427
err=0.57831746
elapsed_time_chunk=123.819037
