[results]
loss=0.5073001
err=0.09587572
elapsed_time_chunk=110.047078
