[results]
loss=0.52170056
err=0.099033915
elapsed_time_chunk=113.735820
