[results]
loss=0.5161656
err=0.0983382
elapsed_time_chunk=112.125923
