[results]
loss=0.5279404
err=0.10079404
elapsed_time_chunk=113.606097
