[results]
loss=2.8437123
err=0.5016937
elapsed_time_chunk=122.312064
