[results]
loss=0.46637833
err=0.08478003
elapsed_time_chunk=163.061029
