[results]
loss=0.49807674
err=0.093136095
elapsed_time_chunk=119.279260
