[results]
loss=0.45964432
err=0.08367136
elapsed_time_chunk=158.696762
