[results]
loss=0.5125254
err=0.09968836
elapsed_time_chunk=120.340928
