[results]
loss=0.8589581
err=0.18167931
elapsed_time_chunk=118.923230
