[results]
loss=1.8755631
err=0.36813235
elapsed_time_chunk=119.835545
