[results]
loss=4.9584126
err=0.74024487
elapsed_time_chunk=137.700545
