[results]
loss=1.767192
err=0.34455222
elapsed_time_chunk=119.476024
