[results]
loss=0.4597664
err=0.08428749
elapsed_time_chunk=139.229946
