[results]
loss=0.46034703
err=0.08363703
elapsed_time_chunk=159.705284
