[results]
loss=0.51642793
err=0.0999006
elapsed_time_chunk=116.153707
