[results]
loss=0.46855542
err=0.084744185
elapsed_time_chunk=161.030575
