[results]
loss=2.4336503
err=0.44840705
elapsed_time_chunk=115.240621
