[results]
loss=0.45584145
err=0.08239097
elapsed_time_chunk=160.290678
