[results]
loss=0.45289522
err=0.0823813
elapsed_time_chunk=158.596730
