[results]
loss=0.45700392
err=0.08277428
elapsed_time_chunk=157.695732
