[results]
loss=0.46513322
err=0.08490829
elapsed_time_chunk=145.890225
