[results]
loss=0.45060274
err=0.081928335
elapsed_time_chunk=159.019333
