[results]
loss=4.601703
err=0.70022225
elapsed_time_chunk=139.012288
