[results]
loss=0.4686905
err=0.08683099
elapsed_time_chunk=119.635028
