[results]
loss=0.46165326
err=0.08393415
elapsed_time_chunk=146.294257
