[results]
loss=1.6750636
err=0.33863413
elapsed_time_chunk=120.353707
