[results]
loss=0.45051074
err=0.080747604
elapsed_time_chunk=157.748529
