[results]
loss=0.45890477
err=0.0842743
elapsed_time_chunk=151.704977
