[results]
loss=0.7408721
err=0.15679748
elapsed_time_chunk=116.911648
