[results]
loss=1.0133207
err=0.21289088
elapsed_time_chunk=118.756967
