[results]
loss=5.7096486
err=0.79874337
elapsed_time_chunk=141.229280
