[results]
loss=0.71478397
err=0.1483646
elapsed_time_chunk=123.797705
