[results]
loss=1.798076
err=0.35599646
elapsed_time_chunk=115.548654
