[results]
loss=4.3866696
err=0.6835993
elapsed_time_chunk=135.196712
