[results]
loss=0.46124375
err=0.083747976
elapsed_time_chunk=161.220747
