[results]
loss=3.702413
err=0.60495216
elapsed_time_chunk=138.191692
