[results]
loss=2.8052785
err=0.49267617
elapsed_time_chunk=119.554820
