[results]
loss=0.45412824
err=0.0821444
elapsed_time_chunk=142.225217
