[results]
loss=0.64782166
err=0.13177167
elapsed_time_chunk=121.187891
