[results]
loss=2.1536112
err=0.40686047
elapsed_time_chunk=119.627237
