[results]
loss=0.4627847
err=0.0848155
elapsed_time_chunk=163.489248
