[results]
loss=1.2485569
err=0.25901866
elapsed_time_chunk=118.049712
