[results]
loss=0.8362801
err=0.17832656
elapsed_time_chunk=117.062931
