[results]
loss=0.47968823
err=0.08872529
elapsed_time_chunk=119.250455
