[results]
loss=1.0812771
err=0.22884205
elapsed_time_chunk=118.043615
