[results]
loss=0.84341085
err=0.17352743
elapsed_time_chunk=113.485367
