[results]
loss=0.47595194
err=0.087712176
elapsed_time_chunk=128.360930
