[results]
loss=1.570262
err=0.31540665
elapsed_time_chunk=119.366974
