[results]
loss=0.46630064
err=0.08573358
elapsed_time_chunk=138.416606
