[results]
loss=8.101879
err=0.90379417
elapsed_time_chunk=151.754664
