[results]
loss=2.418645
err=0.44613352
elapsed_time_chunk=116.959447
