[results]
loss=3.5510013
err=0.5928104
elapsed_time_chunk=126.085538
