[results]
loss=0.7276781
err=0.15096223
elapsed_time_chunk=114.821237
