[results]
loss=0.4623588
err=0.08377928
elapsed_time_chunk=158.694226
