[results]
loss=1.8538492
err=0.3615558
elapsed_time_chunk=118.882204
