[results]
loss=0.46275404
err=0.08403632
elapsed_time_chunk=162.287917
