[results]
loss=0.4462068
err=0.08084133
elapsed_time_chunk=160.831599
