[results]
loss=3.4805918
err=0.5827975
elapsed_time_chunk=125.798705
