[results]
loss=0.47482345
err=0.08690913
elapsed_time_chunk=125.294338
