[results]
loss=0.5194748
err=0.101288736
elapsed_time_chunk=116.437363
