[results]
loss=0.63393253
err=0.13025221
elapsed_time_chunk=116.633654
