[results]
loss=2.8221092
err=0.50043464
elapsed_time_chunk=118.421199
