[results]
loss=0.4615563
err=0.08439108
elapsed_time_chunk=161.007693
