[results]
loss=0.48362944
err=0.09033346
elapsed_time_chunk=119.440607
