[results]
loss=0.4809195
err=0.0876973
elapsed_time_chunk=166.769169
