[results]
loss=1.6068028
err=0.3245323
elapsed_time_chunk=117.215444
