[results]
loss=0.63867646
err=0.13200164
elapsed_time_chunk=117.246983
