[results]
loss=1.9978446
err=0.38226604
elapsed_time_chunk=116.899860
