[results]
loss=0.56185013
err=0.11335682
elapsed_time_chunk=116.075476
