[results]
loss=0.46165848
err=0.084168665
elapsed_time_chunk=161.554352
