[results]
loss=0.46733472
err=0.08479224
elapsed_time_chunk=131.711020
