[results]
loss=0.46445614
err=0.08566568
elapsed_time_chunk=157.948720
