[results]
loss=0.46436533
err=0.08462195
elapsed_time_chunk=160.914165
