[results]
loss=0.5227678
err=0.100647636
elapsed_time_chunk=117.662317
