[results]
loss=0.46373352
err=0.08598608
elapsed_time_chunk=139.487217
