[results]
loss=2.4181924
err=0.4441812
elapsed_time_chunk=120.819798
