[results]
loss=0.58775
err=0.120156035
elapsed_time_chunk=121.495612
