[results]
loss=2.811027
err=0.49607745
elapsed_time_chunk=141.864162
