[results]
loss=2.096937
err=0.39699316
elapsed_time_chunk=117.065721
