[results]
loss=0.47318277
err=0.0880138
elapsed_time_chunk=124.091562
