[results]
loss=1.2546765
err=0.25914302
elapsed_time_chunk=117.330045
