[results]
loss=0.6127439
err=0.124043696
elapsed_time_chunk=118.022461
