[results]
loss=2.1104834
err=0.4020569
elapsed_time_chunk=117.023860
