[results]
loss=0.4591777
err=0.082764424
elapsed_time_chunk=157.225554
