[results]
loss=0.4671014
err=0.08490263
elapsed_time_chunk=142.127538
