[results]
loss=1.7223786
err=0.34448582
elapsed_time_chunk=115.296391
