[results]
loss=0.5791867
err=0.11873516
elapsed_time_chunk=119.077024
