[results]
loss=0.8651816
err=0.18240786
elapsed_time_chunk=115.899768
