[results]
loss=0.45570412
err=0.08399996
elapsed_time_chunk=160.240029
