[results]
loss=1.6435449
err=0.32894212
elapsed_time_chunk=119.613102
