[results]
loss=2.1118774
err=0.4003234
elapsed_time_chunk=119.142437
