[results]
loss=3.5099192
err=0.5843052
elapsed_time_chunk=124.515274
