[results]
loss=0.48272926
err=0.09104927
elapsed_time_chunk=119.556487
