[results]
loss=0.45837075
err=0.08334667
elapsed_time_chunk=157.031354
