[results]
loss=0.4927833
err=0.092658356
elapsed_time_chunk=120.112082
