[results]
loss=0.4621285
err=0.083535045
elapsed_time_chunk=161.349389
