[results]
loss=0.4604457
err=0.083118245
elapsed_time_chunk=158.920475
