[results]
loss=0.45599797
err=0.08361781
elapsed_time_chunk=156.342705
