[results]
loss=0.5195183
err=0.101328336
elapsed_time_chunk=116.345909
