[results]
loss=0.44381744
err=0.08037336
elapsed_time_chunk=156.046631
