[results]
loss=1.0538777
err=0.22310556
elapsed_time_chunk=117.378011
