[results]
loss=0.45876625
err=0.08314548
elapsed_time_chunk=158.268262
