[results]
loss=0.46365616
err=0.08402205
elapsed_time_chunk=157.572757
