[results]
loss=2.7934327
err=0.4964556
elapsed_time_chunk=118.790217
