[results]
loss=0.5625883
err=0.111464895
elapsed_time_chunk=119.049923
