[results]
loss=0.7418009
err=0.1573544
elapsed_time_chunk=117.759855
