[results]
loss=0.61570144
err=0.1255892
elapsed_time_chunk=119.495138
