[results]
loss=0.46332186
err=0.083943754
elapsed_time_chunk=162.249432
