[results]
loss=0.57259804
err=0.11477739
elapsed_time_chunk=115.178462
