[results]
loss=1.9316541
err=0.37626627
elapsed_time_chunk=117.653038
