[results]
loss=3.6154563
err=0.59990275
elapsed_time_chunk=127.283406
