[results]
loss=0.4560887
err=0.08356778
elapsed_time_chunk=159.844907
