[results]
loss=0.82720774
err=0.17373335
elapsed_time_chunk=114.420249
