[results]
loss=1.2636468
err=0.26098984
elapsed_time_chunk=116.142904
