[results]
loss=1.090949
err=0.23192331
elapsed_time_chunk=115.310882
