[results]
loss=1.2308153
err=0.2561001
elapsed_time_chunk=116.456205
