[results]
loss=0.74764615
err=0.15832052
elapsed_time_chunk=119.557767
