[results]
loss=1.296584
err=0.26323026
elapsed_time_chunk=114.778918
