[results]
loss=0.4583712
err=0.08365927
elapsed_time_chunk=162.388313
