[results]
loss=2.3307412
err=0.43226343
elapsed_time_chunk=115.670576
