[results]
loss=0.4900784
err=0.09277429
elapsed_time_chunk=115.449789
