[results]
loss=1.039939
err=0.21671166
elapsed_time_chunk=116.031990
