[results]
loss=2.3918781
err=0.43920285
elapsed_time_chunk=119.725764
