[results]
loss=2.0055523
err=0.38664508
elapsed_time_chunk=47.979919
