[results]
loss=3.6020784
err=0.5970666
elapsed_time_chunk=51.112876
