[results]
loss=2.2072935
err=0.41537908
elapsed_time_chunk=47.266185
