[results]
loss=2.0304942
err=0.39108962
elapsed_time_chunk=48.075341
