[results]
loss=2.783814
err=0.49435347
elapsed_time_chunk=49.149883
