[results]
loss=3.9230921
err=0.6348527
elapsed_time_chunk=49.005624
