[results]
loss=2.4320219
err=0.44734293
elapsed_time_chunk=46.661541
