[results]
loss=3.6345034
err=0.60034233
elapsed_time_chunk=47.813716
