[results]
loss=2.000643
err=0.38694477
elapsed_time_chunk=47.390147
