[results]
loss=3.8750472
err=0.6248572
elapsed_time_chunk=47.067434
