[results]
loss=2.723201
err=0.4912087
elapsed_time_chunk=48.668090
