[results]
loss=2.0553038
err=0.39630786
elapsed_time_chunk=48.073216
