[results]
loss=4.382986
err=0.6810758
elapsed_time_chunk=41.867826
