[results]
loss=2.1424565
err=0.4093275
elapsed_time_chunk=47.982032
