[results]
loss=2.1383688
err=0.4054725
elapsed_time_chunk=48.747872
