[results]
loss=1.9805471
err=0.38352677
elapsed_time_chunk=48.728132
