[results]
loss=2.0127714
err=0.38731644
elapsed_time_chunk=48.428465
