[results]
loss=3.9201424
err=0.6323795
elapsed_time_chunk=47.403384
