[results]
loss=3.2553492
err=0.55623204
elapsed_time_chunk=47.795973
