[results]
loss=2.4141362
err=0.4441994
elapsed_time_chunk=47.595299
