[results]
loss=3.1811295
err=0.54423434
elapsed_time_chunk=49.446425
