[results]
loss=2.067229
err=0.39521304
elapsed_time_chunk=46.637543
