[results]
loss=2.1355143
err=0.4052928
elapsed_time_chunk=50.328692
