[results]
loss=1.9999659
err=0.3875461
elapsed_time_chunk=47.851028
