[results]
loss=1.9924787
err=0.38311726
elapsed_time_chunk=48.985091
