[results]
loss=3.391596
err=0.5743946
elapsed_time_chunk=51.302316
