[results]
loss=2.0964344
err=0.4014067
elapsed_time_chunk=48.098917
