[results]
loss=3.0566907
err=0.531554
elapsed_time_chunk=48.856554
