[results]
loss=2.398478
err=0.4438612
elapsed_time_chunk=47.575458
