[results]
loss=3.441579
err=0.57758844
elapsed_time_chunk=49.075805
