[results]
loss=3.3975317
err=0.57173496
elapsed_time_chunk=48.737794
