[results]
loss=2.1838934
err=0.41258124
elapsed_time_chunk=47.779022
