[results]
loss=4.5555563
err=0.699271
elapsed_time_chunk=43.164638
