[results]
loss=2.6884768
err=0.48293304
elapsed_time_chunk=48.722479
