[results]
loss=4.669439
err=0.7101087
elapsed_time_chunk=45.168019
