[results]
loss=3.342847
err=0.5649887
elapsed_time_chunk=47.507959
