[results]
loss=2.06789
err=0.39609125
elapsed_time_chunk=49.303213
