[results]
loss=1.9601827
err=0.37934133
elapsed_time_chunk=48.050049
