[results]
loss=3.4177506
err=0.5752243
elapsed_time_chunk=48.193625
