[results]
loss=3.1785822
err=0.54834616
elapsed_time_chunk=48.421890
