[results]
loss=3.1979046
err=0.5481628
elapsed_time_chunk=46.864876
