[results]
loss=2.1325235
err=0.4050055
elapsed_time_chunk=47.726255
