[results]
loss=2.0056548
err=0.3866626
elapsed_time_chunk=47.801626
