[results]
loss=2.47872
err=0.45404953
elapsed_time_chunk=48.536993
