[results]
loss=2.1964672
err=0.41600257
elapsed_time_chunk=48.446309
