[results]
loss=2.1675036
err=0.40851012
elapsed_time_chunk=49.670180
