[results]
loss=2.044581
err=0.3912168
elapsed_time_chunk=47.376389
