[results]
loss=3.0448546
err=0.5268301
elapsed_time_chunk=49.269030
