[results]
loss=1.970903
err=0.384262
elapsed_time_chunk=49.126380
