[results]
loss=2.3799047
err=0.43750525
elapsed_time_chunk=49.470628
