[results]
loss=1.9608636
err=0.3834289
elapsed_time_chunk=48.216035
