[results]
loss=2.40235
err=0.44238335
elapsed_time_chunk=46.769808
