[results]
loss=2.3608556
err=0.43782982
elapsed_time_chunk=48.287486
