[results]
loss=2.2981832
err=0.4284477
elapsed_time_chunk=47.269544
