[results]
loss=2.1093397
err=0.40382648
elapsed_time_chunk=48.135009
