[results]
loss=2.8871088
err=0.50905305
elapsed_time_chunk=49.081858
