[results]
loss=2.4767444
err=0.45233127
elapsed_time_chunk=48.589040
