[results]
loss=2.0527956
err=0.3926134
elapsed_time_chunk=47.341259
