[results]
loss=2.1063287
err=0.40315402
elapsed_time_chunk=46.874269
