[results]
loss=2.9476478
err=0.5155082
elapsed_time_chunk=47.592691
