[results]
loss=2.0291433
err=0.39298332
elapsed_time_chunk=49.011419
