[results]
loss=2.412501
err=0.44516763
elapsed_time_chunk=47.313647
