[results]
loss=2.2114377
err=0.4172147
elapsed_time_chunk=47.552649
