[results]
loss=3.9783747
err=0.63575625
elapsed_time_chunk=83.337210
