[results]
loss=2.510694
err=0.45937523
elapsed_time_chunk=48.209482
