[results]
loss=2.7188697
err=0.48930937
elapsed_time_chunk=46.573622
