[results]
loss=2.007441
err=0.38728386
elapsed_time_chunk=48.472168
