[results]
loss=3.6695063
err=0.60612684
elapsed_time_chunk=52.054083
