[results]
loss=2.0261264
err=0.39188126
elapsed_time_chunk=47.300192
