[results]
loss=1.9891022
err=0.3830112
elapsed_time_chunk=47.278051
