[results]
loss=6.683474
err=0.85594666
elapsed_time_chunk=46.897777
