[results]
loss=2.7242272
err=0.49024662
elapsed_time_chunk=48.612236
