[results]
loss=2.307253
err=0.4286167
elapsed_time_chunk=48.707681
