[results]
loss=2.1159651
err=0.4030384
elapsed_time_chunk=49.828171
