[results]
loss=2.8226461
err=0.5022276
elapsed_time_chunk=48.644870
