[results]
loss=3.0646648
err=0.5335097
elapsed_time_chunk=47.466085
