[results]
loss=2.0954313
err=0.39941373
elapsed_time_chunk=46.910183
