[results]
loss=1.9959916
err=0.3867449
elapsed_time_chunk=48.265075
