[results]
loss=2.016863
err=0.3910444
elapsed_time_chunk=48.839803
