[results]
loss=2.482924
err=0.45398775
elapsed_time_chunk=47.551739
