[results]
loss=2.0590177
err=0.39395705
elapsed_time_chunk=49.668925
