[results]
loss=5.2441134
err=0.75903136
elapsed_time_chunk=46.267781
