[results]
loss=2.836381
err=0.5017498
elapsed_time_chunk=47.888316
