[results]
loss=2.9133844
err=0.5124433
elapsed_time_chunk=48.287913
