[results]
loss=2.9682877
err=0.5208763
elapsed_time_chunk=46.598667
