[results]
loss=1.986236
err=0.38475373
elapsed_time_chunk=48.065945
