[results]
loss=3.9805062
err=0.64125085
elapsed_time_chunk=47.439190
