[results]
loss=5.986107
err=0.81285465
elapsed_time_chunk=47.417248
