[results]
loss=2.257595
err=0.42301768
elapsed_time_chunk=49.201529
