[results]
loss=1.9977258
err=0.3862265
elapsed_time_chunk=48.080925
