[results]
loss=2.2028785
err=0.4142386
elapsed_time_chunk=47.556708
