[results]
loss=2.3574648
err=0.43689707
elapsed_time_chunk=49.122572
