[results]
loss=2.3140323
err=0.4338273
elapsed_time_chunk=47.262384
