[results]
loss=3.0797946
err=0.5324644
elapsed_time_chunk=49.082129
