[results]
loss=2.9334276
err=0.5147964
elapsed_time_chunk=48.934668
