[results]
loss=2.1922696
err=0.41304585
elapsed_time_chunk=50.154421
