[results]
loss=2.0154903
err=0.38864222
elapsed_time_chunk=48.546941
