[results]
loss=2.183658
err=0.41347817
elapsed_time_chunk=48.188764
