[results]
loss=2.0100477
err=0.39013594
elapsed_time_chunk=49.999053
