[results]
loss=2.0947275
err=0.40082103
elapsed_time_chunk=48.165810
