[results]
loss=2.005648
err=0.38637775
elapsed_time_chunk=48.067027
