[results]
loss=2.7600794
err=0.49349865
elapsed_time_chunk=49.258811
