[results]
loss=1.9774203
err=0.38310388
elapsed_time_chunk=48.867126
