[results]
loss=3.6153595
err=0.60103434
elapsed_time_chunk=49.586298
