[results]
loss=8.470692
err=0.91137856
elapsed_time_chunk=60.978376
