[results]
loss=2.6397328
err=0.475198
elapsed_time_chunk=49.210050
