[results]
loss=2.0199566
err=0.38827947
elapsed_time_chunk=47.558957
