[results]
loss=4.7856855
err=0.7229506
elapsed_time_chunk=56.601806
