[results]
loss=2.0505762
err=0.3944456
elapsed_time_chunk=47.416881
