[results]
loss=2.0161028
err=0.38696894
elapsed_time_chunk=47.473612
