[results]
loss=1.9799542
err=0.38320944
elapsed_time_chunk=47.650724
