[results]
loss=2.851128
err=0.5030926
elapsed_time_chunk=47.714837
