[results]
loss=2.1603715
err=0.40953612
elapsed_time_chunk=46.938486
