[results]
loss=3.040774
err=0.52906203
elapsed_time_chunk=48.599824
