[results]
loss=3.268456
err=0.5559205
elapsed_time_chunk=48.186029
