[results]
loss=4.4810524
err=0.6928692
elapsed_time_chunk=45.632757
