[results]
loss=3.6000574
err=0.5949625
elapsed_time_chunk=46.681894
