[results]
loss=5.5387588
err=0.7818696
elapsed_time_chunk=48.090892
