[results]
loss=2.0376272
err=0.3928198
elapsed_time_chunk=48.446443
