[results]
loss=2.0463188
err=0.39283854
elapsed_time_chunk=49.566787
