[results]
loss=4.3873463
err=0.6830188
elapsed_time_chunk=41.901877
