[results]
loss=3.996824
err=0.64342475
elapsed_time_chunk=47.279830
