[results]
loss=2.7765715
err=0.4962094
elapsed_time_chunk=48.796131
