[results]
loss=2.935157
err=0.5136623
elapsed_time_chunk=48.737614
