[results]
loss=3.6132386
err=0.59568566
elapsed_time_chunk=46.388765
