[results]
loss=1.9797366
err=0.38359505
elapsed_time_chunk=46.800874
