[results]
loss=2.0543041
err=0.39624095
elapsed_time_chunk=46.688275
