[results]
loss=1.8967811
err=0.37298054
elapsed_time_chunk=47.858627
