[results]
loss=2.5252132
err=0.46336818
elapsed_time_chunk=47.091376
