[results]
loss=2.6584792
err=0.47881302
elapsed_time_chunk=49.200328
