[results]
loss=2.7346435
err=0.4926803
elapsed_time_chunk=48.044405
