[results]
loss=2.6853933
err=0.48416853
elapsed_time_chunk=48.172847
