[results]
loss=2.1803722
err=0.4163586
elapsed_time_chunk=48.653100
