[results]
loss=1.8928155
err=0.3732946
elapsed_time_chunk=48.126499
