[results]
loss=2.1759305
err=0.41403258
elapsed_time_chunk=47.686858
