[results]
loss=2.647218
err=0.47963533
elapsed_time_chunk=47.614720
