[results]
loss=2.7271202
err=0.4889027
elapsed_time_chunk=47.870418
