[results]
loss=2.4963365
err=0.45827973
elapsed_time_chunk=48.792413
