[results]
loss=2.2559114
err=0.4240878
elapsed_time_chunk=49.019570
