[results]
loss=1.8934078
err=0.37127024
elapsed_time_chunk=48.067229
