[results]
loss=2.6130848
err=0.4721157
elapsed_time_chunk=47.477990
