[results]
loss=3.4409502
err=0.57861567
elapsed_time_chunk=48.725398
