[results]
loss=2.0196373
err=0.39212638
elapsed_time_chunk=48.138966
