[results]
loss=3.9413235
err=0.6357664
elapsed_time_chunk=49.394058
