[results]
loss=3.9988446
err=0.64101523
elapsed_time_chunk=88.780813
