[results]
loss=2.445523
err=0.45208657
elapsed_time_chunk=49.632306
