[results]
loss=1.8757439
err=0.37068978
elapsed_time_chunk=47.654365
