[results]
loss=2.8424256
err=0.5044769
elapsed_time_chunk=48.198543
