[results]
loss=1.9085764
err=0.37421057
elapsed_time_chunk=47.198487
