[results]
loss=5.5994635
err=0.78519946
elapsed_time_chunk=45.622481
