[results]
loss=2.7752082
err=0.49354878
elapsed_time_chunk=48.716019
