[results]
loss=1.9026726
err=0.37486508
elapsed_time_chunk=46.810460
