[results]
loss=6.755852
err=0.86015344
elapsed_time_chunk=43.658305
