[results]
loss=1.9406253
err=0.37902525
elapsed_time_chunk=48.709786
