[results]
loss=1.9123518
err=0.37537912
elapsed_time_chunk=46.115372
