[results]
loss=3.0586207
err=0.53360087
elapsed_time_chunk=48.166624
