[results]
loss=2.0521817
err=0.3964746
elapsed_time_chunk=48.164809
