[results]
loss=1.8762901
err=0.3668536
elapsed_time_chunk=46.968988
