[results]
loss=2.1903963
err=0.414832
elapsed_time_chunk=47.234547
