[results]
loss=2.0569303
err=0.3965065
elapsed_time_chunk=46.351529
