[results]
loss=4.8282895
err=0.72752726
elapsed_time_chunk=60.083338
