[results]
loss=2.889602
err=0.50961584
elapsed_time_chunk=48.811283
