[results]
loss=2.5021293
err=0.4604125
elapsed_time_chunk=46.659354
