[results]
loss=2.0054343
err=0.3896587
elapsed_time_chunk=47.617463
