[results]
loss=3.2054968
err=0.54754025
elapsed_time_chunk=49.217207
