[results]
loss=2.2275848
err=0.41870487
elapsed_time_chunk=46.848992
