[results]
loss=1.8949567
err=0.37323642
elapsed_time_chunk=49.372304
