[results]
loss=2.559845
err=0.46670908
elapsed_time_chunk=46.466388
