[results]
loss=2.3074646
err=0.43172207
elapsed_time_chunk=48.167313
