[results]
loss=1.8383495
err=0.36228615
elapsed_time_chunk=47.571327
