[results]
loss=1.8791295
err=0.36901155
elapsed_time_chunk=48.479035
