[results]
loss=3.9408064
err=0.6342103
elapsed_time_chunk=46.607584
