[results]
loss=2.2909486
err=0.42826197
elapsed_time_chunk=46.446647
