[results]
loss=1.8275824
err=0.36380076
elapsed_time_chunk=47.851522
