[results]
loss=2.171436
err=0.41091502
elapsed_time_chunk=49.868587
