[results]
loss=3.2081223
err=0.54921114
elapsed_time_chunk=46.858470
