[results]
loss=1.9364069
err=0.37933254
elapsed_time_chunk=47.377274
