[results]
loss=2.189294
err=0.41327
elapsed_time_chunk=47.650214
