[results]
loss=2.9593287
err=0.5187235
elapsed_time_chunk=46.354183
