[results]
loss=6.0560303
err=0.8179602
elapsed_time_chunk=47.190482
