[results]
loss=1.9637293
err=0.38261083
elapsed_time_chunk=49.223656
