[results]
loss=2.149619
err=0.4095483
elapsed_time_chunk=49.032152
