[results]
loss=3.9042137
err=0.6280125
elapsed_time_chunk=46.918048
