[results]
loss=2.2671897
err=0.42168978
elapsed_time_chunk=48.421427
