[results]
loss=2.0407414
err=0.39291245
elapsed_time_chunk=49.683863
