[results]
loss=3.2544487
err=0.55401045
elapsed_time_chunk=47.421093
