[results]
loss=1.825837
err=0.36096734
elapsed_time_chunk=47.813461
