[results]
loss=1.9820268
err=0.38451615
elapsed_time_chunk=49.469518
