[results]
loss=2.6273835
err=0.47789687
elapsed_time_chunk=48.608107
