[results]
loss=3.3512557
err=0.5681845
elapsed_time_chunk=47.235715
