[results]
loss=3.6110618
err=0.59871954
elapsed_time_chunk=48.706461
