[results]
loss=2.7156775
err=0.48851877
elapsed_time_chunk=46.407037
