[results]
loss=1.902771
err=0.3730897
elapsed_time_chunk=47.889936
