[results]
loss=1.8271703
err=0.3593559
elapsed_time_chunk=48.789798
