[results]
loss=1.8567517
err=0.36626476
elapsed_time_chunk=47.437301
