[results]
loss=1.9279377
err=0.37814796
elapsed_time_chunk=49.099469
