[results]
loss=2.0292313
err=0.39245945
elapsed_time_chunk=47.563971
