[results]
loss=3.1901453
err=0.5469791
elapsed_time_chunk=48.267659
