[results]
loss=1.8646803
err=0.36774677
elapsed_time_chunk=48.463140
