[results]
loss=2.1981168
err=0.41755274
elapsed_time_chunk=47.192127
