[results]
loss=3.6647532
err=0.60374546
elapsed_time_chunk=47.778421
