[results]
loss=3.407554
err=0.5737699
elapsed_time_chunk=48.117882
