[results]
loss=2.0581884
err=0.39650047
elapsed_time_chunk=48.484297
