[results]
loss=2.9212308
err=0.5146124
elapsed_time_chunk=47.770588
