[results]
loss=2.547575
err=0.46627435
elapsed_time_chunk=46.948348
