[results]
loss=4.5680637
err=0.70081675
elapsed_time_chunk=44.208786
