[results]
loss=1.9285886
err=0.37426078
elapsed_time_chunk=47.444537
