[results]
loss=2.9574492
err=0.5165755
elapsed_time_chunk=47.345042
