[results]
loss=2.0896897
err=0.39791816
elapsed_time_chunk=50.026572
