[results]
loss=3.413996
err=0.57563835
elapsed_time_chunk=51.087979
