[results]
loss=1.9634407
err=0.38232794
elapsed_time_chunk=47.087081
