[results]
loss=1.8821888
err=0.37001702
elapsed_time_chunk=46.876917
