[results]
loss=3.051385
err=0.5283307
elapsed_time_chunk=48.774922
