[results]
loss=1.9636816
err=0.381271
elapsed_time_chunk=48.301568
