[results]
loss=3.6087055
err=0.5950824
elapsed_time_chunk=51.123020
