[results]
loss=2.0008779
err=0.38830948
elapsed_time_chunk=46.714717
