[results]
loss=4.6992993
err=0.71380097
elapsed_time_chunk=42.965538
