[results]
loss=5.3110065
err=0.7664728
elapsed_time_chunk=43.468355
