[results]
loss=1.8535608
err=0.36485228
elapsed_time_chunk=47.372659
