[results]
loss=1.9265798
err=0.37506592
elapsed_time_chunk=47.002343
