[results]
loss=2.543612
err=0.46435693
elapsed_time_chunk=48.451397
