[results]
loss=4.520736
err=0.695245
elapsed_time_chunk=43.608172
