[results]
loss=1.9428587
err=0.3795988
elapsed_time_chunk=46.900910
