[results]
loss=2.337095
err=0.43367663
elapsed_time_chunk=46.467875
