[results]
loss=8.535593
err=0.9126753
elapsed_time_chunk=59.103086
