[results]
loss=2.81746
err=0.5014737
elapsed_time_chunk=47.923419
