[results]
loss=1.8697568
err=0.36986834
elapsed_time_chunk=48.126734
