[results]
loss=1.8345636
err=0.3630976
elapsed_time_chunk=48.981854
