[results]
loss=3.0746315
err=0.5319625
elapsed_time_chunk=48.818682
