[results]
loss=2.8192923
err=0.50144714
elapsed_time_chunk=48.220271
