[results]
loss=2.059033
err=0.39824972
elapsed_time_chunk=47.562385
