[results]
loss=3.0682921
err=0.5334539
elapsed_time_chunk=47.553674
