[results]
loss=1.8456666
err=0.36569616
elapsed_time_chunk=47.679332
