[results]
loss=3.426561
err=0.576487
elapsed_time_chunk=48.011244
