[results]
loss=3.086847
err=0.5361232
elapsed_time_chunk=49.061268
