[results]
loss=2.2804358
err=0.42880988
elapsed_time_chunk=47.255096
