[results]
loss=3.663281
err=0.60437715
elapsed_time_chunk=51.862775
