[results]
loss=1.9139824
err=0.37633556
elapsed_time_chunk=48.047273
