[results]
loss=3.2719512
err=0.5569571
elapsed_time_chunk=48.317584
