[results]
loss=1.8467484
err=0.36399588
elapsed_time_chunk=46.836249
