[results]
loss=2.0231416
err=0.378539
elapsed_time_chunk=543.059110
