[results]
loss=2.004238
err=0.37623942
elapsed_time_chunk=548.745675
