[results]
loss=1.9158927
err=0.366879
elapsed_time_chunk=550.568162
