[results]
loss=1.8074583
err=0.3448254
elapsed_time_chunk=590.986754
