[results]
loss=1.8276988
err=0.34908777
elapsed_time_chunk=558.599876
