[results]
loss=3.9757714
err=0.64274216
elapsed_time_chunk=662.852497
