[results]
loss=1.9553666
err=0.3699376
elapsed_time_chunk=556.700486
