[results]
loss=1.8051773
err=0.34613973
elapsed_time_chunk=589.793479
