[results]
loss=1.8602234
err=0.35175693
elapsed_time_chunk=559.039144
