[results]
loss=1.9611837
err=0.3694616
elapsed_time_chunk=557.294257
