[results]
loss=2.2539742
err=0.41766718
elapsed_time_chunk=593.737177
