[results]
loss=2.6229064
err=0.47274017
elapsed_time_chunk=651.634285
