[results]
loss=4.8693967
err=0.7319168
elapsed_time_chunk=598.381303
