[results]
loss=7.7453947
err=0.8863256
elapsed_time_chunk=633.392008
