[results]
loss=2.2806122
err=0.41983154
elapsed_time_chunk=613.994335
