[results]
loss=2.7340286
err=0.48628265
elapsed_time_chunk=674.453708
