[results]
loss=4.7229476
err=0.7133668
elapsed_time_chunk=587.269856
