[results]
loss=1.8606838
err=0.35550812
elapsed_time_chunk=552.987554
