[results]
loss=2.0516965
err=0.38390625
elapsed_time_chunk=552.569015
