[results]
loss=4.0815926
err=0.6491953
elapsed_time_chunk=663.553509
