[results]
loss=1.8296338
err=0.35042936
elapsed_time_chunk=576.676421
