[results]
loss=1.9940526
err=0.3726976
elapsed_time_chunk=559.038645
