[results]
loss=2.1125007
err=0.3916713
elapsed_time_chunk=555.824964
