[results]
loss=2.0783222
err=0.3890779
elapsed_time_chunk=565.915033
