[results]
loss=1.9902292
err=0.37749434
elapsed_time_chunk=553.641065
