[results]
loss=1.9179152
err=0.36246884
elapsed_time_chunk=559.707004
