[results]
loss=1.9511408
err=0.36959332
elapsed_time_chunk=555.710764
