[results]
loss=2.3095582
err=0.4234085
elapsed_time_chunk=644.411887
