[results]
loss=3.0922918
err=0.5401029
elapsed_time_chunk=670.332642
