[results]
loss=3.378501
err=0.56842315
elapsed_time_chunk=635.283434
