[results]
loss=1.7760955
err=0.3391413
elapsed_time_chunk=570.002938
