[results]
loss=2.1734228
err=0.40160656
elapsed_time_chunk=609.441097
