[results]
loss=2.3835576
err=0.43418095
elapsed_time_chunk=643.036836
