[results]
loss=1.941646
err=0.36920357
elapsed_time_chunk=562.839419
