[results]
loss=3.9021435
err=0.6337922
elapsed_time_chunk=640.878791
