[results]
loss=3.4246564
err=0.5747306
elapsed_time_chunk=715.128573
