[results]
loss=1.908301
err=0.36040312
elapsed_time_chunk=560.895161
