[results]
loss=1.9340438
err=0.36655295
elapsed_time_chunk=546.066221
