[results]
loss=2.6710715
err=0.48288438
elapsed_time_chunk=664.252237
