[results]
loss=2.0919974
err=0.3906204
elapsed_time_chunk=551.912379
