[results]
loss=2.9326987
err=0.51320475
elapsed_time_chunk=652.040309
