[results]
loss=3.303378
err=0.5650092
elapsed_time_chunk=599.211178
