[results]
loss=1.833688
err=0.350477
elapsed_time_chunk=547.899188
