[results]
loss=2.3574398
err=0.43277904
elapsed_time_chunk=616.778450
