[results]
loss=4.137755
err=0.65409905
elapsed_time_chunk=636.212468
