[results]
loss=2.7898836
err=0.4957812
elapsed_time_chunk=648.326665
