[results]
loss=1.9798124
err=0.37209097
elapsed_time_chunk=554.753037
