[results]
loss=2.8925924
err=0.5076546
elapsed_time_chunk=668.063982
