[results]
loss=2.6949646
err=0.48353913
elapsed_time_chunk=655.209183
