[results]
loss=2.2834797
err=0.42001364
elapsed_time_chunk=586.599027
