[results]
loss=1.9953878
err=0.37359196
elapsed_time_chunk=560.979939
