[results]
loss=2.9190154
err=0.51024675
elapsed_time_chunk=652.321040
