[results]
loss=1.8353449
err=0.35017088
elapsed_time_chunk=557.238564
