[results]
loss=1.8589009
err=0.3523945
elapsed_time_chunk=556.170229
