[results]
loss=2.0851305
err=0.38814816
elapsed_time_chunk=572.483580
