[results]
loss=2.5187998
err=0.4553976
elapsed_time_chunk=669.243986
