[results]
loss=2.1064734
err=0.39271596
elapsed_time_chunk=547.595495
