[results]
loss=3.0831902
err=0.5342708
elapsed_time_chunk=676.163775
