[results]
loss=2.8674707
err=0.5048995
elapsed_time_chunk=675.503938
