[results]
loss=3.3361704
err=0.56765914
elapsed_time_chunk=592.056914
