[results]
loss=2.6102393
err=0.4733971
elapsed_time_chunk=661.944618
