[results]
loss=1.9090105
err=0.36185464
elapsed_time_chunk=553.823419
