[results]
loss=2.021176
err=0.380642
elapsed_time_chunk=564.173297
