[results]
loss=2.365493
err=0.43181273
elapsed_time_chunk=656.803595
