[results]
loss=3.097394
err=0.5327307
elapsed_time_chunk=680.190500
