[results]
loss=1.9666065
err=0.36907795
elapsed_time_chunk=554.441255
