[results]
loss=2.7299373
err=0.48725796
elapsed_time_chunk=669.817950
