[results]
loss=3.8520284
err=0.62939394
elapsed_time_chunk=610.375954
