[results]
loss=1.8445989
err=0.35211405
elapsed_time_chunk=555.449373
