[results]
loss=3.0805078
err=0.5310072
elapsed_time_chunk=652.060389
