[results]
loss=2.8072112
err=0.49677286
elapsed_time_chunk=670.764960
