[results]
loss=1.8343396
err=0.3497285
elapsed_time_chunk=558.030638
