[results]
loss=2.185997
err=0.4083339
elapsed_time_chunk=589.461202
