[results]
loss=2.3545177
err=0.43153623
elapsed_time_chunk=647.373109
