[results]
loss=1.8754433
err=0.35587797
elapsed_time_chunk=568.473733
