[results]
loss=3.3478408
err=0.56582505
elapsed_time_chunk=617.049505
