[results]
loss=2.0699058
err=0.38807002
elapsed_time_chunk=563.092549
