[results]
loss=2.604112
err=0.47154212
elapsed_time_chunk=661.863934
