[results]
loss=5.1807675
err=0.7574263
elapsed_time_chunk=603.836889
