[results]
loss=2.0253432
err=0.38206196
elapsed_time_chunk=562.637541
