[results]
loss=3.0245461
err=0.5276016
elapsed_time_chunk=658.571150
