[results]
loss=2.7689433
err=0.4936043
elapsed_time_chunk=684.532351
