[results]
loss=5.7303205
err=0.7980263
elapsed_time_chunk=616.364529
