[results]
loss=1.0666434
err=0.20062624
elapsed_time_chunk=118.100458
