[results]
loss=2.33141
err=0.41875708
elapsed_time_chunk=115.954558
