[results]
loss=7.0752735
err=0.8771487
elapsed_time_chunk=118.100341
