[results]
loss=0.8047678
err=0.14724661
elapsed_time_chunk=121.235789
