[results]
loss=0.84976333
err=0.15503234
elapsed_time_chunk=117.622063
