[results]
loss=1.6927234
err=0.3175143
elapsed_time_chunk=117.721748
