[results]
loss=0.79756844
err=0.14454016
elapsed_time_chunk=118.367251
