[results]
loss=0.8050211
err=0.1462503
elapsed_time_chunk=117.586890
