[results]
loss=0.8326085
err=0.15298055
elapsed_time_chunk=121.132872
