[results]
loss=0.80202085
err=0.1456304
elapsed_time_chunk=117.203657
