[results]
loss=4.6728406
err=0.7043523
elapsed_time_chunk=123.350920
