[results]
loss=3.0096
err=0.51489836
elapsed_time_chunk=118.241093
