[results]
loss=0.9011986
err=0.16730326
elapsed_time_chunk=117.846222
