[results]
loss=0.89446765
err=0.1671763
elapsed_time_chunk=115.838616
