[results]
loss=4.604755
err=0.70194936
elapsed_time_chunk=121.466379
