[results]
loss=0.82083917
err=0.15000199
elapsed_time_chunk=117.936845
