[results]
loss=1.3659967
err=0.2576908
elapsed_time_chunk=114.879292
