[results]
loss=4.455935
err=0.684699
elapsed_time_chunk=119.690055
