[results]
loss=3.02479
err=0.5227161
elapsed_time_chunk=116.732495
