[results]
loss=1.5878004
err=0.29436278
elapsed_time_chunk=117.209828
