[results]
loss=1.0486506
err=0.19805007
elapsed_time_chunk=116.224810
