[results]
loss=3.7339842
err=0.6045046
elapsed_time_chunk=119.772534
