[results]
loss=0.893782
err=0.16558051
elapsed_time_chunk=119.238844
