[results]
loss=0.8174359
err=0.15021852
elapsed_time_chunk=117.828963
