[results]
loss=0.7968283
err=0.14474875
elapsed_time_chunk=117.063920
