[results]
loss=0.79936045
err=0.14545861
elapsed_time_chunk=119.341136
