[results]
loss=0.8239295
err=0.15002501
elapsed_time_chunk=122.066848
