[results]
loss=3.3294785
err=0.5571237
elapsed_time_chunk=119.191665
