[results]
loss=1.2326298
err=0.23592833
elapsed_time_chunk=117.170926
