[results]
loss=0.8050432
err=0.14625645
elapsed_time_chunk=118.490376
