[results]
loss=0.8006945
err=0.14625235
elapsed_time_chunk=116.363564
