[results]
loss=0.81220436
err=0.1472782
elapsed_time_chunk=118.898569
