[results]
loss=0.8091269
err=0.14670895
elapsed_time_chunk=118.776990
