[results]
loss=0.80474037
err=0.14608812
elapsed_time_chunk=114.294798
