[results]
loss=2.694645
err=0.4694483
elapsed_time_chunk=118.533345
