[results]
loss=1.036163
err=0.19365655
elapsed_time_chunk=118.074896
