[results]
loss=2.758638
err=0.4822981
elapsed_time_chunk=115.094548
