[results]
loss=3.364313
err=0.55968386
elapsed_time_chunk=117.177735
