[results]
loss=1.9162889
err=0.34970602
elapsed_time_chunk=119.395594
