[results]
loss=0.81098855
err=0.14691305
elapsed_time_chunk=120.356667
