[results]
loss=0.81472754
err=0.1471283
elapsed_time_chunk=118.423245
