[results]
loss=3.0016944
err=0.5160972
elapsed_time_chunk=118.052906
