[results]
loss=0.8132428
err=0.14813496
elapsed_time_chunk=118.023518
