[results]
loss=6.187238
err=0.8274728
elapsed_time_chunk=117.852430
