[results]
loss=0.8140918
err=0.14937118
elapsed_time_chunk=119.707918
