[results]
loss=0.7982355
err=0.14621055
elapsed_time_chunk=118.022030
