[results]
loss=1.9256327
err=0.3545335
elapsed_time_chunk=120.394513
