[results]
loss=4.4455075
err=0.68621653
elapsed_time_chunk=117.368668
