[results]
loss=3.261892
err=0.54389215
elapsed_time_chunk=117.401283
