[results]
loss=0.8147316
err=0.14955316
elapsed_time_chunk=117.985863
