[results]
loss=1.3535976
err=0.2548326
elapsed_time_chunk=117.866037
