[results]
loss=1.220334
err=0.23239765
elapsed_time_chunk=116.361604
