[results]
loss=1.8997229
err=0.3511625
elapsed_time_chunk=116.491356
