[results]
loss=0.826044
err=0.15224507
elapsed_time_chunk=118.896109
