[results]
loss=0.8040837
err=0.14528522
elapsed_time_chunk=117.906827
