[results]
loss=5.7741995
err=0.79783285
elapsed_time_chunk=118.419774
