[results]
loss=0.8457918
err=0.1546583
elapsed_time_chunk=118.163590
