[results]
loss=1.3451835
err=0.2517604
elapsed_time_chunk=117.994689
