[results]
loss=0.8037607
err=0.14685667
elapsed_time_chunk=118.982481
