[results]
loss=0.97482514
err=0.1839668
elapsed_time_chunk=118.658551
