[results]
loss=1.1980706
err=0.22679232
elapsed_time_chunk=115.321448
