[results]
loss=0.87411237
err=0.16220306
elapsed_time_chunk=114.503189
