[results]
loss=0.8093424
err=0.147768
elapsed_time_chunk=117.437679
