[results]
loss=2.9642284
err=0.50884736
elapsed_time_chunk=118.917708
