[results]
loss=0.79711705
err=0.14485535
elapsed_time_chunk=119.126474
