[results]
loss=0.8182915
err=0.14900155
elapsed_time_chunk=120.797647
