[results]
loss=0.81561416
err=0.14915048
elapsed_time_chunk=118.944551
