[results]
loss=0.9736658
err=0.18514457
elapsed_time_chunk=116.953457
