[results]
loss=3.685758
err=0.60042524
elapsed_time_chunk=116.123035
