[results]
loss=0.7944956
err=0.14451385
elapsed_time_chunk=119.003787
