[results]
loss=0.803236
err=0.14679368
elapsed_time_chunk=120.324991
