[results]
loss=0.81464875
err=0.14786692
elapsed_time_chunk=117.267940
