[results]
loss=0.81075764
err=0.14730304
elapsed_time_chunk=120.078541
