[results]
loss=0.7931879
err=0.14384422
elapsed_time_chunk=116.165986
