[results]
loss=3.817762
err=0.6112852
elapsed_time_chunk=117.231380
