[results]
loss=3.6947136
err=0.60056657
elapsed_time_chunk=118.566189
