[results]
loss=1.9456549
err=0.3543552
elapsed_time_chunk=120.019964
