[results]
loss=3.3014898
err=0.55066293
elapsed_time_chunk=118.904296
