[results]
loss=2.4318175
err=0.4353011
elapsed_time_chunk=118.744516
