[results]
loss=1.6857831
err=0.31577337
elapsed_time_chunk=120.128728
