[results]
loss=0.85500485
err=0.15794095
elapsed_time_chunk=117.971875
