[results]
loss=1.188904
err=0.22499184
elapsed_time_chunk=120.519310
