[results]
loss=2.5217247
err=0.44990483
elapsed_time_chunk=117.248408
