[results]
loss=2.4879606
err=0.446065
elapsed_time_chunk=118.345902
