[results]
loss=2.4331677
err=0.43807152
elapsed_time_chunk=116.054486
