[results]
loss=9.102773
err=0.93094975
elapsed_time_chunk=128.412926
