[results]
loss=1.0371662
err=0.19475904
elapsed_time_chunk=115.883748
