[results]
loss=0.8219234
err=0.1498426
elapsed_time_chunk=121.711135
