[results]
loss=0.8178728
err=0.14811459
elapsed_time_chunk=116.521533
