[results]
loss=1.0676506
err=0.20254233
elapsed_time_chunk=117.598860
