[results]
loss=0.80556625
err=0.1475875
elapsed_time_chunk=119.099074
