[results]
loss=1.6769371
err=0.31550848
elapsed_time_chunk=118.237445
