[results]
loss=0.8110879
err=0.1479675
elapsed_time_chunk=117.706093
