[results]
loss=0.81017256
err=0.14642209
elapsed_time_chunk=117.046760
