[results]
loss=0.8314206
err=0.15193053
elapsed_time_chunk=119.228837
