[results]
loss=0.80522454
err=0.1456375
elapsed_time_chunk=118.034526
