[results]
loss=2.6986907
err=0.475168
elapsed_time_chunk=116.699774
