[results]
loss=0.980887
err=0.18424092
elapsed_time_chunk=119.402127
