[results]
loss=1.3555752
err=0.25339407
elapsed_time_chunk=117.572286
