[results]
loss=0.81071323
err=0.14729877
elapsed_time_chunk=118.597355
