[results]
loss=0.85443825
err=0.15823264
elapsed_time_chunk=117.157437
