[results]
loss=0.82345575
err=0.14930683
elapsed_time_chunk=119.489525
