[results]
loss=0.91133815
err=0.16899462
elapsed_time_chunk=118.684381
