[results]
loss=1.1974502
err=0.22361363
elapsed_time_chunk=116.312335
