[results]
loss=4.8286605
err=0.71999496
elapsed_time_chunk=121.410419
