[results]
loss=0.840715
err=0.1530414
elapsed_time_chunk=117.634371
