[results]
loss=5.464113
err=0.77816707
elapsed_time_chunk=117.357042
