[results]
loss=1.3733618
err=0.25929013
elapsed_time_chunk=119.405656
