[results]
loss=0.9991202
err=0.18579616
elapsed_time_chunk=119.649522
