[results]
loss=2.5729218
err=0.450409
elapsed_time_chunk=119.540700
