[results]
loss=0.8391244
err=0.15311359
elapsed_time_chunk=122.543273
