[results]
loss=2.7048764
err=0.47635043
elapsed_time_chunk=117.523828
