[results]
loss=2.857669
err=0.48938462
elapsed_time_chunk=117.323139
