[results]
loss=3.3073442
err=0.5522078
elapsed_time_chunk=117.712650
