[results]
loss=0.8458821
err=0.15505964
elapsed_time_chunk=118.229766
