[results]
loss=0.8157757
err=0.14844045
elapsed_time_chunk=117.942242
