[results]
loss=0.95509523
err=0.17702998
elapsed_time_chunk=116.299279
