[results]
loss=1.9116287
err=0.3532875
elapsed_time_chunk=116.782397
