[results]
loss=1.6479619
err=0.3075257
elapsed_time_chunk=119.393792
