[results]
loss=3.8087523
err=0.613882
elapsed_time_chunk=116.214430
