[results]
loss=1.9490474
err=0.3285442
elapsed_time_chunk=291.227695
