[results]
loss=1.8437762
err=0.3255135
elapsed_time_chunk=287.899764
