[results]
loss=1.8332989
err=0.32349172
elapsed_time_chunk=294.426777
