[results]
loss=1.8396052
err=0.32688585
elapsed_time_chunk=291.004678
