[results]
loss=2.0938578
err=0.35946894
elapsed_time_chunk=291.105961
