[results]
loss=1.9650121
err=0.34088793
elapsed_time_chunk=287.223772
