[results]
loss=2.1583922
err=0.36750212
elapsed_time_chunk=288.050916
