[results]
loss=1.9150618
err=0.3372398
elapsed_time_chunk=289.158437
