[results]
loss=1.8353598
err=0.32692653
elapsed_time_chunk=293.520055
