[results]
loss=1.9101017
err=0.33568963
elapsed_time_chunk=291.069072
