[results]
loss=1.8638705
err=0.3264297
elapsed_time_chunk=295.459437
