[results]
loss=2.4444604
err=0.4005492
elapsed_time_chunk=293.827331
