[results]
loss=2.2996151
err=0.38027525
elapsed_time_chunk=292.363686
