[results]
loss=7.694041
err=0.84052426
elapsed_time_chunk=163.811151
