[results]
loss=1.8937403
err=0.33115748
elapsed_time_chunk=286.454087
