[results]
loss=2.7885413
err=0.44291586
elapsed_time_chunk=317.877861
