[results]
loss=1.8372564
err=0.32494324
elapsed_time_chunk=293.824494
