[results]
loss=1.8308741
err=0.32569832
elapsed_time_chunk=291.281467
