[results]
loss=5.0580106
err=0.6706525
elapsed_time_chunk=151.928661
