[results]
loss=1.9583838
err=0.3417169
elapsed_time_chunk=287.330657
