[results]
loss=1.835755
err=0.3252367
elapsed_time_chunk=283.887036
