[results]
loss=1.8482231
err=0.32471085
elapsed_time_chunk=294.792376
