[results]
loss=2.0807993
err=0.32771316
elapsed_time_chunk=291.083709
