[results]
loss=2.4922974
err=0.4064816
elapsed_time_chunk=295.925541
