[results]
loss=1.8680526
err=0.3282804
elapsed_time_chunk=289.805334
