[results]
loss=5.6176057
err=0.71925575
elapsed_time_chunk=163.992399
