[results]
loss=1.8333341
err=0.32450375
elapsed_time_chunk=298.906320
