[results]
loss=1.9426647
err=0.33903077
elapsed_time_chunk=291.537264
