[results]
loss=1.8365258
err=0.3268626
elapsed_time_chunk=289.231810
