[results]
loss=2.029075
err=0.3503747
elapsed_time_chunk=290.982756
