[results]
loss=1.9051292
err=0.3324138
elapsed_time_chunk=299.012515
