[results]
loss=1.842761
err=0.32420915
elapsed_time_chunk=294.015941
