[results]
loss=1.864682
err=0.32818016
elapsed_time_chunk=289.679435
