[results]
loss=1.8181883
err=0.322319
elapsed_time_chunk=287.656984
