[results]
loss=1.9034098
err=0.33061716
elapsed_time_chunk=293.964103
