[results]
loss=2.1889117
err=0.3699023
elapsed_time_chunk=289.398930
