[results]
loss=1.8552608
err=0.32618234
elapsed_time_chunk=295.970921
