[results]
loss=2.5780973
err=0.41637963
elapsed_time_chunk=285.784643
