[results]
loss=2.1746948
err=0.36564118
elapsed_time_chunk=290.878649
