[results]
loss=2.782288
err=0.43855357
elapsed_time_chunk=285.825408
