[results]
loss=1.8354886
err=0.32523572
elapsed_time_chunk=297.131649
