[results]
loss=2.0083504
err=0.34630957
elapsed_time_chunk=297.550047
