[results]
loss=1.8487248
err=0.32719284
elapsed_time_chunk=296.127766
