[results]
loss=1.9936397
err=0.34395814
elapsed_time_chunk=290.974914
