[results]
loss=2.2409217
err=0.37212637
elapsed_time_chunk=287.495725
