[results]
loss=2.2289064
err=0.37545198
elapsed_time_chunk=296.998672
