[results]
loss=1.8719126
err=0.3320496
elapsed_time_chunk=285.788155
