[results]
loss=1.8427192
err=0.32416394
elapsed_time_chunk=288.519050
