[results]
loss=2.4850383
err=0.40439516
elapsed_time_chunk=288.264829
