[results]
loss=2.1539204
err=0.36588186
elapsed_time_chunk=293.918118
