[results]
loss=3.1094766
err=0.47537306
elapsed_time_chunk=263.373571
