[results]
loss=1.8376827
err=0.32550636
elapsed_time_chunk=293.163319
