[results]
loss=1.8665916
err=0.32897127
elapsed_time_chunk=293.458917
