[results]
loss=1.961234
err=0.33774912
elapsed_time_chunk=290.979175
