[results]
loss=2.4697943
err=0.4061953
elapsed_time_chunk=294.911070
