[results]
loss=1.8474354
err=0.32558268
elapsed_time_chunk=285.571452
