[results]
loss=1.8493851
err=0.32533786
elapsed_time_chunk=291.087273
