[results]
loss=1.8851454
err=0.3335285
elapsed_time_chunk=298.185697
