[results]
loss=1.8572352
err=0.3269302
elapsed_time_chunk=289.049288
