[results]
loss=1.9221557
err=0.3383528
elapsed_time_chunk=295.197419
