[results]
loss=1.8570359
err=0.32685402
elapsed_time_chunk=293.588933
