[results]
loss=1.8204358
err=0.32344362
elapsed_time_chunk=287.242104
