[results]
loss=1.8623452
err=0.3274152
elapsed_time_chunk=295.679925
