[results]
loss=1.8522211
err=0.3265624
elapsed_time_chunk=284.722045
