[results]
loss=2.032437
err=0.35178414
elapsed_time_chunk=293.524556
