[results]
loss=1.909338
err=0.33470282
elapsed_time_chunk=295.630822
