[results]
loss=1.8446153
err=0.32582068
elapsed_time_chunk=295.793370
