[results]
loss=3.0464077
err=0.47072726
elapsed_time_chunk=272.674006
