[results]
loss=1.8723257
err=0.3267558
elapsed_time_chunk=293.647071
