[results]
loss=1.8456395
err=0.3255294
elapsed_time_chunk=290.120665
