[results]
loss=3.5289807
err=0.52598983
elapsed_time_chunk=213.614500
