[results]
loss=4.429612
err=0.6145764
elapsed_time_chunk=178.097081
