[results]
loss=3.1345518
err=0.47893414
elapsed_time_chunk=302.583133
