[results]
loss=2.116751
err=0.36202443
elapsed_time_chunk=287.132732
