[results]
loss=1.8498284
err=0.3272158
elapsed_time_chunk=284.601598
