[results]
loss=2.7401905
err=0.43699217
elapsed_time_chunk=301.418179
