[results]
loss=1.8029327
err=0.32186666
elapsed_time_chunk=287.662730
