[results]
loss=2.6153631
err=0.4216466
elapsed_time_chunk=291.598991
