[results]
loss=2.136958
err=0.36263296
elapsed_time_chunk=289.757122
