[results]
loss=2.9718843
err=0.46356404
elapsed_time_chunk=261.235724
