[results]
loss=1.8586496
err=0.32531792
elapsed_time_chunk=290.683442
