[results]
loss=2.0882802
err=0.35619837
elapsed_time_chunk=291.971396
