[results]
loss=1.8382235
err=0.32192752
elapsed_time_chunk=297.526160
