[results]
loss=2.0856721
err=0.3549026
elapsed_time_chunk=296.116130
