[results]
loss=1.8563043
err=0.32643214
elapsed_time_chunk=286.466607
