[results]
loss=1.8377293
err=0.32442585
elapsed_time_chunk=293.528453
