[results]
loss=1.8703018
err=0.32677993
elapsed_time_chunk=296.669672
