[results]
loss=1.8354717
err=0.32530427
elapsed_time_chunk=287.668546
