[results]
loss=2.23865
err=0.37561056
elapsed_time_chunk=295.358445
