[results]
loss=2.082885
err=0.35452205
elapsed_time_chunk=292.137986
