[results]
loss=2.1407669
err=0.3628064
elapsed_time_chunk=293.132026
