[results]
loss=1.8175147
err=0.32342324
elapsed_time_chunk=301.031332
