[results]
loss=2.7190735
err=0.43488076
elapsed_time_chunk=294.671213
