[results]
loss=1.8434687
err=0.32483864
elapsed_time_chunk=294.849667
