[results]
loss=2.0666
err=0.35514322
elapsed_time_chunk=289.123966
