[results]
loss=1.8413461
err=0.32533067
elapsed_time_chunk=290.911067
