[results]
loss=1.8508633
err=0.32717326
elapsed_time_chunk=291.777382
