[results]
loss=3.4423387
err=0.51534647
elapsed_time_chunk=212.387870
