[results]
loss=1.8221282
err=0.32446402
elapsed_time_chunk=295.376020
