[results]
loss=2.3302815
err=0.38424453
elapsed_time_chunk=294.205352
