[results]
loss=2.4433877
err=0.40348104
elapsed_time_chunk=291.379603
