[results]
loss=1.8598797
err=0.32830453
elapsed_time_chunk=296.740263
