[results]
loss=1.8625529
err=0.3280315
elapsed_time_chunk=283.976767
