[results]
loss=1.8868054
err=0.32894567
elapsed_time_chunk=281.217811
