[results]
loss=1.8568852
err=0.32649618
elapsed_time_chunk=290.083482
