[results]
loss=1.8688306
err=0.32678515
elapsed_time_chunk=287.818892
