[results]
loss=1.8683221
err=0.32760802
elapsed_time_chunk=296.512912
