[results]
loss=1.8518863
err=0.32842216
elapsed_time_chunk=288.607512
