[results]
loss=4.7062817
err=0.6414184
elapsed_time_chunk=144.333808
