[results]
loss=2.5894673
err=0.4194795
elapsed_time_chunk=297.843690
