[results]
loss=1.8617073
err=0.3251853
elapsed_time_chunk=292.618267
