[results]
loss=1.9729253
err=0.34295422
elapsed_time_chunk=292.755704
