[results]
loss=1.8364036
err=0.32649407
elapsed_time_chunk=296.758429
