[results]
loss=2.1927161
err=0.36941317
elapsed_time_chunk=288.291722
