[results]
loss=1.8388656
err=0.32502115
elapsed_time_chunk=289.822003
