[results]
loss=1.8387135
err=0.32593644
elapsed_time_chunk=291.209081
