[results]
loss=2.2498949
err=0.37897655
elapsed_time_chunk=293.006427
