[results]
loss=1.8722799
err=0.32466978
elapsed_time_chunk=289.496584
