[results]
loss=1.8833706
err=0.32910165
elapsed_time_chunk=288.619216
