[results]
loss=1.8324976
err=0.3246713
elapsed_time_chunk=285.714394
