[results]
loss=1.8838317
err=0.3314411
elapsed_time_chunk=289.306351
