[results]
loss=1.8311254
err=0.32427627
elapsed_time_chunk=294.753124
