[results]
loss=1.8159972
err=0.3226901
elapsed_time_chunk=289.462466
