[results]
loss=1.8539288
err=0.32721433
elapsed_time_chunk=291.385242
