[results]
loss=2.2536187
err=0.3783174
elapsed_time_chunk=292.088338
