[results]
loss=2.6066058
err=0.41842884
elapsed_time_chunk=292.492307
