[results]
loss=2.7946296
err=0.4406809
elapsed_time_chunk=291.517317
