[results]
loss=1.8339206
err=0.3257618
elapsed_time_chunk=290.938606
