[results]
loss=1.8029131
err=0.32141814
elapsed_time_chunk=295.381472
