[results]
loss=2.0700653
err=0.3556522
elapsed_time_chunk=287.442327
