[results]
loss=1.8227173
err=0.32345062
elapsed_time_chunk=285.520822
