[results]
loss=3.678266
err=0.5397045
elapsed_time_chunk=215.862230
