[results]
loss=1.9959424
err=0.34385046
elapsed_time_chunk=292.661347
