[results]
loss=1.9031337
err=0.33212698
elapsed_time_chunk=283.710724
