[results]
loss=1.872258
err=0.33121374
elapsed_time_chunk=285.575897
