[results]
loss=1.9401627
err=0.33555165
elapsed_time_chunk=294.012731
