[results]
loss=3.8777156
err=0.5572757
elapsed_time_chunk=237.155524
