[results]
loss=1.9185013
err=0.3348017
elapsed_time_chunk=293.212458
