[results]
loss=1.8756044
err=0.32612392
elapsed_time_chunk=290.493486
