[results]
loss=1.8574203
err=0.3267527
elapsed_time_chunk=297.679699
