[results]
loss=2.9372864
err=0.46026334
elapsed_time_chunk=269.061965
