[results]
loss=3.7317934
err=0.5469749
elapsed_time_chunk=216.989164
