[results]
loss=1.8593316
err=0.3268868
elapsed_time_chunk=288.348618
