[results]
loss=1.8421576
err=0.32707432
elapsed_time_chunk=285.852699
