[results]
loss=1.846589
err=0.32599774
elapsed_time_chunk=289.501841
