[results]
loss=2.1459727
err=0.36446172
elapsed_time_chunk=285.805082
