[results]
loss=1.8405154
err=0.32524648
elapsed_time_chunk=295.502721
