[results]
loss=1.8511782
err=0.3251312
elapsed_time_chunk=292.236728
