[results]
loss=2.123638
err=0.36242342
elapsed_time_chunk=290.116348
