[results]
loss=2.5576482
err=0.41809297
elapsed_time_chunk=296.437583
