[results]
loss=2.9238636
err=0.49056292
elapsed_time_chunk=643.499257
