[results]
loss=2.9330835
err=0.4911749
elapsed_time_chunk=701.748097
