[results]
loss=2.7985373
err=0.4704422
elapsed_time_chunk=596.091354
