[results]
loss=2.8394818
err=0.47896403
elapsed_time_chunk=604.328390
