[results]
loss=2.9308562
err=0.48888445
elapsed_time_chunk=627.273813
