[results]
loss=2.8649595
err=0.48209774
elapsed_time_chunk=594.672187
