[results]
loss=3.158178
err=0.5256144
elapsed_time_chunk=583.352675
