[results]
loss=3.1427596
err=0.52305245
elapsed_time_chunk=584.887054
