[results]
loss=2.9151256
err=0.49053666
elapsed_time_chunk=598.649042
