[results]
loss=4.623805
err=0.70264494
elapsed_time_chunk=586.854336
