[results]
loss=4.0175066
err=0.6356005
elapsed_time_chunk=583.038809
