[results]
loss=6.9766393
err=0.8713945
elapsed_time_chunk=595.949677
