[results]
loss=3.062372
err=0.5100667
elapsed_time_chunk=620.926322
