[results]
loss=4.2793775
err=0.66633457
elapsed_time_chunk=599.009499
