[results]
loss=2.7464201
err=0.46496052
elapsed_time_chunk=607.581836
