[results]
loss=2.8249848
err=0.47463116
elapsed_time_chunk=604.631205
