[results]
loss=6.1831837
err=0.8250504
elapsed_time_chunk=602.500518
