[results]
loss=3.0940065
err=0.5130872
elapsed_time_chunk=577.798262
