[results]
loss=2.7612805
err=0.46729138
elapsed_time_chunk=592.344686
