[results]
loss=4.6668315
err=0.7050963
elapsed_time_chunk=579.185810
