[results]
loss=4.151975
err=0.6490265
elapsed_time_chunk=622.730639
