[results]
loss=2.7746472
err=0.46795797
elapsed_time_chunk=604.792295
