[results]
loss=3.0737548
err=0.5071159
elapsed_time_chunk=583.249644
