[results]
loss=3.594985
err=0.5781956
elapsed_time_chunk=577.819312
