[results]
loss=2.7460089
err=0.46455014
elapsed_time_chunk=603.838779
