[results]
loss=4.6853046
err=0.70363057
elapsed_time_chunk=627.219496
