[results]
loss=2.9677515
err=0.49547726
elapsed_time_chunk=587.293427
