[results]
loss=3.3128958
err=0.5433543
elapsed_time_chunk=585.677904
