[results]
loss=3.114461
err=0.5159726
elapsed_time_chunk=572.860317
