[results]
loss=3.038567
err=0.5086733
elapsed_time_chunk=569.558602
