[results]
loss=3.0185282
err=0.50136334
elapsed_time_chunk=591.210907
