[results]
loss=4.292004
err=0.66599387
elapsed_time_chunk=591.889117
