[results]
loss=2.877287
err=0.48247555
elapsed_time_chunk=599.413218
