[results]
loss=4.040406
err=0.6387036
elapsed_time_chunk=575.773786
