[results]
loss=3.9109557
err=0.62256604
elapsed_time_chunk=577.772243
