[results]
loss=5.384503
err=0.7685681
elapsed_time_chunk=628.634266
