[results]
loss=4.6178927
err=0.69716406
elapsed_time_chunk=606.429372
