[results]
loss=2.7731354
err=0.47138208
elapsed_time_chunk=572.232975
