[results]
loss=3.0961444
err=0.51560456
elapsed_time_chunk=578.359221
