[results]
loss=2.7917573
err=0.46924147
elapsed_time_chunk=592.228202
