[results]
loss=2.8240802
err=0.47546715
elapsed_time_chunk=611.547995
