[results]
loss=2.7881289
err=0.46822602
elapsed_time_chunk=599.174217
