[results]
loss=5.232759
err=0.75949115
elapsed_time_chunk=615.101545
