[results]
loss=2.8942487
err=0.48580372
elapsed_time_chunk=591.186611
