[results]
loss=2.8699803
err=0.4821493
elapsed_time_chunk=604.508856
