[results]
loss=8.455682
err=0.91670114
elapsed_time_chunk=626.026611
