[results]
loss=5.964161
err=0.8120979
elapsed_time_chunk=581.507107
