[results]
loss=3.5826726
err=0.58052504
elapsed_time_chunk=577.337241
