[results]
loss=2.7846172
err=0.46944344
elapsed_time_chunk=603.171481
