[results]
loss=2.756537
err=0.46587506
elapsed_time_chunk=591.736248
