[results]
loss=3.4182935
err=0.556041
elapsed_time_chunk=579.777435
