[results]
loss=2.7928507
err=0.4680897
elapsed_time_chunk=600.079906
