[results]
loss=3.583027
err=0.5802993
elapsed_time_chunk=584.231649
