[results]
loss=5.334974
err=0.7619076
elapsed_time_chunk=632.368089
