[results]
loss=2.8287468
err=0.47726166
elapsed_time_chunk=601.590641
