[results]
loss=3.8922925
err=0.6167231
elapsed_time_chunk=590.987381
