[results]
loss=2.9947662
err=0.49814433
elapsed_time_chunk=585.460916
