[results]
loss=2.9126627
err=0.48703912
elapsed_time_chunk=585.533226
