[results]
loss=3.206646
err=0.527233
elapsed_time_chunk=578.964579
