[results]
loss=2.7857857
err=0.46905798
elapsed_time_chunk=597.315152
