[results]
loss=2.7476215
err=0.46512973
elapsed_time_chunk=596.032446
