[results]
loss=2.813173
err=0.4730808
elapsed_time_chunk=589.374377
