[results]
loss=2.8601155
err=0.4787216
elapsed_time_chunk=600.079986
