[results]
loss=2.801633
err=0.47071952
elapsed_time_chunk=590.576569
