[results]
loss=2.779452
err=0.4668276
elapsed_time_chunk=575.064065
