[results]
loss=5.0943356
err=0.746506
elapsed_time_chunk=614.186512
