[results]
loss=3.9373283
err=0.6265798
elapsed_time_chunk=568.765508
