[results]
loss=2.8027544
err=0.4753489
elapsed_time_chunk=612.950561
