[results]
loss=3.4752696
err=0.5634422
elapsed_time_chunk=573.648129
