[results]
loss=3.0450513
err=0.50833994
elapsed_time_chunk=644.976162
