[results]
loss=3.400133
err=0.55716497
elapsed_time_chunk=582.498908
