[results]
loss=3.3359036
err=0.5474326
elapsed_time_chunk=584.446783
