[results]
loss=3.0466383
err=0.5081428
elapsed_time_chunk=694.360270
