[results]
loss=2.77782
err=0.46870664
elapsed_time_chunk=607.612493
