[results]
loss=3.1930642
err=0.5247449
elapsed_time_chunk=581.246209
