[results]
loss=4.316403
err=0.6682903
elapsed_time_chunk=573.944266
