[results]
loss=2.8856115
err=0.48390174
elapsed_time_chunk=588.289987
