[results]
loss=2.7894783
err=0.47174716
elapsed_time_chunk=598.366422
