[results]
loss=2.7779028
err=0.4697767
elapsed_time_chunk=612.498044
