[results]
loss=2.8167875
err=0.47084987
elapsed_time_chunk=602.295945
