[results]
loss=2.876131
err=0.4817398
elapsed_time_chunk=595.251900
