[results]
loss=4.1109705
err=0.64634264
elapsed_time_chunk=584.343240
