[results]
loss=3.4806948
err=0.5680107
elapsed_time_chunk=576.868240
