[results]
loss=2.8457863
err=0.47929478
elapsed_time_chunk=598.772042
