[results]
loss=4.34992
err=0.6752033
elapsed_time_chunk=572.214921
