[results]
loss=2.8567252
err=0.47989282
elapsed_time_chunk=603.088437
