[results]
loss=3.0316947
err=0.5041005
elapsed_time_chunk=585.214943
