[results]
loss=2.8289537
err=0.47271144
elapsed_time_chunk=576.563102
