[results]
loss=2.805935
err=0.47282046
elapsed_time_chunk=598.810368
