[results]
loss=3.455814
err=0.5595391
elapsed_time_chunk=583.398807
