[results]
loss=3.5914083
err=0.5802167
elapsed_time_chunk=576.930835
