[results]
loss=3.1600876
err=0.5226918
elapsed_time_chunk=568.845434
