[results]
loss=2.769837
err=0.4687145
elapsed_time_chunk=574.448222
