[results]
loss=2.7626889
err=0.46787983
elapsed_time_chunk=585.426580
