[results]
loss=2.8053384
err=0.47245
elapsed_time_chunk=596.785867
