[results]
loss=2.7934122
err=0.4693798
elapsed_time_chunk=600.828169
