[results]
loss=3.1238968
err=0.5190895
elapsed_time_chunk=587.309648
