[results]
loss=2.9191544
err=0.4904721
elapsed_time_chunk=630.558987
