[results]
loss=5.4581275
err=0.7756717
elapsed_time_chunk=652.925898
