[results]
loss=4.6022367
err=0.70008856
elapsed_time_chunk=620.159760
