[results]
loss=3.3599396
err=0.55057925
elapsed_time_chunk=577.702445
