[results]
loss=2.7886446
err=0.4682399
elapsed_time_chunk=604.348327
