[results]
loss=2.8095243
err=0.46892464
elapsed_time_chunk=572.832449
