[results]
loss=3.4366488
err=0.56236947
elapsed_time_chunk=575.552330
