[results]
loss=3.588587
err=0.58122957
elapsed_time_chunk=587.509394
