[results]
loss=3.0872996
err=0.5146238
elapsed_time_chunk=569.109571
