[results]
loss=2.8064437
err=0.47079223
elapsed_time_chunk=609.391124
