[results]
loss=2.881807
err=0.48452017
elapsed_time_chunk=585.111864
