[results]
loss=2.9338727
err=0.4904182
elapsed_time_chunk=587.551585
