[results]
loss=3.0776339
err=0.51279575
elapsed_time_chunk=583.991717
