[results]
loss=2.7459595
err=0.46645945
elapsed_time_chunk=572.253191
