[results]
loss=4.2948227
err=0.66367733
elapsed_time_chunk=583.890297
