[results]
loss=6.5206695
err=0.8442293
elapsed_time_chunk=610.657198
