[results]
loss=2.920331
err=0.48666197
elapsed_time_chunk=650.650102
