[results]
loss=3.37706
err=0.5553251
elapsed_time_chunk=577.195629
