[results]
loss=2.7824755
err=0.47117075
elapsed_time_chunk=591.137518
