[results]
loss=4.0612864
err=0.63716966
elapsed_time_chunk=588.175585
