[results]
loss=4.1590757
err=0.6483108
elapsed_time_chunk=619.688591
