[results]
loss=3.1841388
err=0.5270569
elapsed_time_chunk=581.797880
