[results]
loss=3.9568987
err=0.62938523
elapsed_time_chunk=580.196882
