[results]
loss=0.9544794
err=0.17205428
elapsed_time_chunk=117.207324
