[results]
loss=1.5203722
err=0.28097668
elapsed_time_chunk=118.329524
