[results]
loss=6.1392827
err=0.8239165
elapsed_time_chunk=118.531361
