[results]
loss=2.1333745
err=0.38225248
elapsed_time_chunk=118.200454
