[results]
loss=0.953219
err=0.17259444
elapsed_time_chunk=117.707254
