[results]
loss=1.3734806
err=0.256615
elapsed_time_chunk=118.734509
