[results]
loss=3.0001218
err=0.5129631
elapsed_time_chunk=119.560478
