[results]
loss=1.0935327
err=0.20109738
elapsed_time_chunk=116.140970
