[results]
loss=0.9500819
err=0.17289335
elapsed_time_chunk=117.397800
