[results]
loss=3.7175088
err=0.6039612
elapsed_time_chunk=119.955708
