[results]
loss=1.0261451
err=0.1859632
elapsed_time_chunk=117.822512
