[results]
loss=0.9553747
err=0.17174812
elapsed_time_chunk=117.316200
