[results]
loss=0.92979664
err=0.16855016
elapsed_time_chunk=117.456949
