[results]
loss=0.9900457
err=0.17919597
elapsed_time_chunk=116.446363
