[results]
loss=0.9384894
err=0.1684897
elapsed_time_chunk=122.193401
