[results]
loss=0.9485789
err=0.17136787
elapsed_time_chunk=118.129086
