[results]
loss=2.6533775
err=0.4662431
elapsed_time_chunk=116.383110
