[results]
loss=0.9663136
err=0.17400058
elapsed_time_chunk=118.428188
