[results]
loss=0.9340858
err=0.16799906
elapsed_time_chunk=116.791483
