[results]
loss=2.1305146
err=0.38428292
elapsed_time_chunk=115.048486
