[results]
loss=1.3829604
err=0.25614336
elapsed_time_chunk=117.493331
