[results]
loss=2.7508795
err=0.48124322
elapsed_time_chunk=117.257098
