[results]
loss=5.376058
err=0.7698664
elapsed_time_chunk=112.416439
