[results]
loss=2.1280398
err=0.3855844
elapsed_time_chunk=117.272866
