[results]
loss=1.797899
err=0.32615453
elapsed_time_chunk=119.762353
