[results]
loss=0.9501245
err=0.17053518
elapsed_time_chunk=118.822177
