[results]
loss=1.2085341
err=0.22461247
elapsed_time_chunk=116.450133
