[results]
loss=3.0158238
err=0.5143796
elapsed_time_chunk=116.276176
