[results]
loss=2.7969952
err=0.48684353
elapsed_time_chunk=116.630608
