[results]
loss=1.1707597
err=0.21660158
elapsed_time_chunk=114.831956
