[results]
loss=0.9537569
err=0.17253461
elapsed_time_chunk=119.870861
