[results]
loss=0.9543912
err=0.17202969
elapsed_time_chunk=117.844622
