[results]
loss=1.0894196
err=0.20092832
elapsed_time_chunk=117.569174
