[results]
loss=0.9584683
err=0.1728083
elapsed_time_chunk=116.280469
