[results]
loss=0.94891495
err=0.1705753
elapsed_time_chunk=118.457665
