[results]
loss=1.8917291
err=0.3456552
elapsed_time_chunk=118.350742
