[results]
loss=0.96146977
err=0.17336494
elapsed_time_chunk=117.115092
