[results]
loss=0.9770378
err=0.17790522
elapsed_time_chunk=117.231581
