[results]
loss=8.702859
err=0.9238192
elapsed_time_chunk=124.864064
