[results]
loss=0.94407696
err=0.16941185
elapsed_time_chunk=116.265495
