[results]
loss=2.8898458
err=0.4951858
elapsed_time_chunk=116.729971
