[results]
loss=1.1863801
err=0.21697003
elapsed_time_chunk=117.169113
