[results]
loss=0.9861501
err=0.18061896
elapsed_time_chunk=117.303144
