[results]
loss=1.0582229
err=0.19464454
elapsed_time_chunk=117.508158
