[results]
loss=0.95096666
err=0.17183702
elapsed_time_chunk=115.386066
