[results]
loss=0.97408813
err=0.17609008
elapsed_time_chunk=118.779898
