[results]
loss=0.9454987
err=0.17031318
elapsed_time_chunk=116.910333
