[results]
loss=0.99223447
err=0.18229692
elapsed_time_chunk=116.394172
