[results]
loss=4.767924
err=0.715686
elapsed_time_chunk=144.279590
