[results]
loss=3.717183
err=0.60199255
elapsed_time_chunk=116.267943
