[results]
loss=1.5378423
err=0.28457853
elapsed_time_chunk=118.630808
