[results]
loss=1.5117584
err=0.27704972
elapsed_time_chunk=119.009551
