[results]
loss=0.96234787
err=0.17377533
elapsed_time_chunk=121.302711
