[results]
loss=3.7276983
err=0.60476995
elapsed_time_chunk=118.284509
