[results]
loss=0.95349777
err=0.17264469
elapsed_time_chunk=119.240284
