[results]
loss=3.2641463
err=0.5422012
elapsed_time_chunk=119.347273
