[results]
loss=0.94802517
err=0.17070095
elapsed_time_chunk=120.593671
