[results]
loss=2.126303
err=0.38344356
elapsed_time_chunk=118.454653
