[results]
loss=1.5429302
err=0.28544626
elapsed_time_chunk=117.796693
