[results]
loss=0.99553
err=0.18007575
elapsed_time_chunk=120.114935
