[results]
loss=1.0737458
err=0.19710359
elapsed_time_chunk=115.974780
