[results]
loss=3.0208838
err=0.515189
elapsed_time_chunk=116.552600
