[results]
loss=0.9478749
err=0.1719751
elapsed_time_chunk=119.993371
