[results]
loss=1.3367028
err=0.24621974
elapsed_time_chunk=117.520110
