[results]
loss=0.950535
err=0.17110014
elapsed_time_chunk=116.371223
