[results]
loss=0.94336385
err=0.16998841
elapsed_time_chunk=117.680071
