[results]
loss=3.2920997
err=0.5500427
elapsed_time_chunk=119.631114
