[results]
loss=0.9350283
err=0.16998759
elapsed_time_chunk=116.833564
