[results]
loss=2.6768105
err=0.4706863
elapsed_time_chunk=114.564629
