[results]
loss=3.7986214
err=0.6083474
elapsed_time_chunk=145.948613
