[results]
loss=1.037685
err=0.18870772
elapsed_time_chunk=116.173986
