[results]
loss=1.869903
err=0.34014043
elapsed_time_chunk=120.927989
