[results]
loss=1.0548023
err=0.1948558
elapsed_time_chunk=116.609719
