[results]
loss=4.608133
err=0.6974996
elapsed_time_chunk=123.902735
