[results]
loss=0.9382877
err=0.16951497
elapsed_time_chunk=117.616529
