[results]
loss=1.1944278
err=0.22045194
elapsed_time_chunk=119.996958
