[results]
loss=0.93255967
err=0.16855897
elapsed_time_chunk=119.816440
