[results]
loss=0.94806415
err=0.17116345
elapsed_time_chunk=117.830030
