[results]
loss=3.3119159
err=0.55258894
elapsed_time_chunk=122.707863
