[results]
loss=1.0262681
err=0.18606226
elapsed_time_chunk=116.862878
