[results]
loss=0.95257187
err=0.17105004
elapsed_time_chunk=116.256002
