[results]
loss=0.9326959
err=0.16778332
elapsed_time_chunk=117.257456
