[results]
loss=0.94724226
err=0.1701558
elapsed_time_chunk=118.279177
