[results]
loss=0.9625201
err=0.17342721
elapsed_time_chunk=116.518052
