[results]
loss=1.0979346
err=0.19928013
elapsed_time_chunk=118.072976
