[results]
loss=1.3742826
err=0.25387114
elapsed_time_chunk=118.970087
