[results]
loss=0.9348892
err=0.16905211
elapsed_time_chunk=115.210835
