[results]
loss=0.94235057
err=0.16889256
elapsed_time_chunk=117.646738
