[results]
loss=0.94948757
err=0.17208396
elapsed_time_chunk=118.925955
