[results]
loss=0.93099254
err=0.16849299
elapsed_time_chunk=115.488880
