[results]
loss=0.9414473
err=0.16988069
elapsed_time_chunk=118.263150
