[results]
loss=0.97346276
err=0.17608392
elapsed_time_chunk=116.275893
