[results]
loss=2.177162
err=0.3838332
elapsed_time_chunk=117.297189
