[results]
loss=0.946596
err=0.17155503
elapsed_time_chunk=118.496522
