[results]
loss=4.677271
err=0.7043977
elapsed_time_chunk=122.302322
