[results]
loss=0.9389132
err=0.17034915
elapsed_time_chunk=116.094611
