[results]
loss=0.9514707
err=0.17139213
elapsed_time_chunk=114.722752
