[results]
loss=1.1960247
err=0.22066423
elapsed_time_chunk=117.607630
