[results]
loss=0.97694945
err=0.17702648
elapsed_time_chunk=116.893178
