[results]
loss=0.95851505
err=0.17317882
elapsed_time_chunk=120.233438
