[results]
loss=0.94225705
err=0.16998284
elapsed_time_chunk=118.540085
