[results]
loss=5.667498
err=0.7901778
elapsed_time_chunk=115.731003
