[results]
loss=6.8441005
err=0.8675567
elapsed_time_chunk=114.049787
