[results]
loss=2.8931594
err=0.49541125
elapsed_time_chunk=119.679780
