[results]
loss=3.3560617
err=0.55868506
elapsed_time_chunk=117.349953
