[results]
loss=1.0386802
err=0.19009764
elapsed_time_chunk=117.370111
