[results]
loss=1.0875303
err=0.19754393
elapsed_time_chunk=119.793083
