[results]
loss=0.95586693
err=0.17299093
elapsed_time_chunk=117.543973
