[results]
loss=1.8250116
err=0.33669406
elapsed_time_chunk=119.633925
