[results]
loss=1.8952589
err=0.3492632
elapsed_time_chunk=117.788679
