[results]
loss=4.3622622
err=0.67490375
elapsed_time_chunk=116.062386
