[results]
loss=0.9598094
err=0.17265777
elapsed_time_chunk=119.009186
