[results]
loss=1.5507939
err=0.28438884
elapsed_time_chunk=120.600019
