[results]
loss=2.5853596
err=0.45024946
elapsed_time_chunk=118.220326
