[results]
loss=4.4924183
err=0.6887828
elapsed_time_chunk=120.801765
