[results]
loss=0.9492308
err=0.16981128
elapsed_time_chunk=117.493481
