[results]
loss=0.9640019
err=0.1742683
elapsed_time_chunk=117.157761
