[results]
loss=3.79134
err=0.61154294
elapsed_time_chunk=116.811741
