[results]
loss=3.3150938
err=0.55114126
elapsed_time_chunk=114.965415
