[results]
loss=1.3612102
err=0.25744417
elapsed_time_chunk=115.243663
