[results]
loss=1.9542375
err=0.34022808
elapsed_time_chunk=287.013942
