[results]
loss=2.3265724
err=0.38192213
elapsed_time_chunk=288.996152
