[results]
loss=2.1077845
err=0.35729355
elapsed_time_chunk=288.433171
