[results]
loss=1.943681
err=0.33645642
elapsed_time_chunk=287.407555
