[results]
loss=1.9485099
err=0.33774334
elapsed_time_chunk=288.940688
