[results]
loss=2.002219
err=0.34510878
elapsed_time_chunk=288.635590
