[results]
loss=1.9603299
err=0.33747736
elapsed_time_chunk=285.565042
