[results]
loss=1.9857372
err=0.34334952
elapsed_time_chunk=284.023084
