[results]
loss=4.6910286
err=0.64157796
elapsed_time_chunk=141.008966
