[results]
loss=1.96846
err=0.3382711
elapsed_time_chunk=289.867379
