[results]
loss=2.0414033
err=0.34671095
elapsed_time_chunk=289.783751
