[results]
loss=1.9067919
err=0.3337996
elapsed_time_chunk=290.214597
