[results]
loss=1.9659767
err=0.34208003
elapsed_time_chunk=288.724330
