[results]
loss=1.9497647
err=0.33856517
elapsed_time_chunk=285.251766
