[results]
loss=2.2289507
err=0.37385038
elapsed_time_chunk=291.732131
