[results]
loss=1.9510752
err=0.33889043
elapsed_time_chunk=284.828107
