[results]
loss=2.6171694
err=0.42063168
elapsed_time_chunk=284.195578
