[results]
loss=1.9430122
err=0.33790576
elapsed_time_chunk=293.509424
