[results]
loss=1.9195929
err=0.33569628
elapsed_time_chunk=287.628495
