[results]
loss=1.9477646
err=0.33702597
elapsed_time_chunk=289.046988
