[results]
loss=2.096258
err=0.3552108
elapsed_time_chunk=289.309245
