[results]
loss=1.9655269
err=0.33768696
elapsed_time_chunk=292.900831
