[results]
loss=2.288629
err=0.38289312
elapsed_time_chunk=287.609165
