[results]
loss=1.9432598
err=0.33631563
elapsed_time_chunk=288.405240
