[results]
loss=1.9551927
err=0.33943173
elapsed_time_chunk=289.915216
