[results]
loss=2.0650861
err=0.35310188
elapsed_time_chunk=284.793096
