[results]
loss=1.9668626
err=0.33696496
elapsed_time_chunk=287.953783
