[results]
loss=5.063314
err=0.67032546
elapsed_time_chunk=144.534437
