[results]
loss=1.9419867
err=0.33851203
elapsed_time_chunk=292.148839
