[results]
loss=1.9934797
err=0.34598643
elapsed_time_chunk=290.004458
