[results]
loss=1.9601812
err=0.33932734
elapsed_time_chunk=287.207672
