[results]
loss=1.9545411
err=0.3378286
elapsed_time_chunk=285.992318
