[results]
loss=2.0889473
err=0.35503528
elapsed_time_chunk=289.406464
