[results]
loss=2.0423405
err=0.35033682
elapsed_time_chunk=290.902464
