[results]
loss=1.9527645
err=0.34009433
elapsed_time_chunk=290.268384
