[results]
loss=2.3648264
err=0.38668695
elapsed_time_chunk=290.710930
