[results]
loss=2.514608
err=0.4073341
elapsed_time_chunk=287.886691
