[results]
loss=1.92596
err=0.33632228
elapsed_time_chunk=287.294712
