[results]
loss=3.1632414
err=0.4817117
elapsed_time_chunk=300.367432
