[results]
loss=1.9888458
err=0.34144667
elapsed_time_chunk=283.656960
