[results]
loss=1.9175978
err=0.33576941
elapsed_time_chunk=288.371875
