[results]
loss=1.9766574
err=0.33911437
elapsed_time_chunk=290.017702
