[results]
loss=1.9491066
err=0.33650947
elapsed_time_chunk=289.066502
