[results]
loss=2.4712226
err=0.4060083
elapsed_time_chunk=287.938180
