[results]
loss=1.9166938
err=0.33477357
elapsed_time_chunk=289.307083
