[results]
loss=2.8204393
err=0.44525823
elapsed_time_chunk=313.684020
