[results]
loss=1.9476832
err=0.3389003
elapsed_time_chunk=289.741746
