[results]
loss=2.2105188
err=0.3725229
elapsed_time_chunk=286.669749
