[results]
loss=1.9209099
err=0.33512786
elapsed_time_chunk=292.623138
