[results]
loss=1.9758031
err=0.3400624
elapsed_time_chunk=294.290842
