[results]
loss=1.9528838
err=0.33979627
elapsed_time_chunk=291.594868
