[results]
loss=2.2076538
err=0.3700256
elapsed_time_chunk=289.384250
