[results]
loss=2.177839
err=0.3665888
elapsed_time_chunk=287.770819
