[results]
loss=1.9861228
err=0.33937263
elapsed_time_chunk=293.794609
