[results]
loss=2.0328307
err=0.34744492
elapsed_time_chunk=288.669727
