[results]
loss=1.9527234
err=0.33958733
elapsed_time_chunk=287.111526
