[results]
loss=1.9521085
err=0.33798185
elapsed_time_chunk=286.330128
