[results]
loss=1.9434687
err=0.33818567
elapsed_time_chunk=286.928767
