[results]
loss=2.0692992
err=0.35308447
elapsed_time_chunk=286.457756
