[results]
loss=1.9314705
err=0.33632335
elapsed_time_chunk=294.925616
