[results]
loss=1.9774201
err=0.34030247
elapsed_time_chunk=288.005911
