[results]
loss=2.478005
err=0.40493578
elapsed_time_chunk=292.272664
