[results]
loss=1.9767715
err=0.33866605
elapsed_time_chunk=289.064424
