[results]
loss=3.534154
err=0.5255028
elapsed_time_chunk=198.929730
