[results]
loss=2.0807579
err=0.3547648
elapsed_time_chunk=292.574075
