[results]
loss=2.1754696
err=0.36618558
elapsed_time_chunk=289.660455
