[results]
loss=1.9417982
err=0.3379216
elapsed_time_chunk=283.960045
