[results]
loss=2.7691426
err=0.43927956
elapsed_time_chunk=291.916566
