[results]
loss=1.9600694
err=0.3378582
elapsed_time_chunk=290.211789
