[results]
loss=1.9578761
err=0.3391306
elapsed_time_chunk=285.315389
