[results]
loss=1.953545
err=0.33943784
elapsed_time_chunk=288.676443
