[results]
loss=3.1330242
err=0.4773094
elapsed_time_chunk=258.384012
