[results]
loss=1.9759691
err=0.34054935
elapsed_time_chunk=288.573754
