[results]
loss=1.9571301
err=0.34156573
elapsed_time_chunk=279.041557
