[results]
loss=1.9664558
err=0.33766064
elapsed_time_chunk=288.461341
