[results]
loss=1.9341499
err=0.33714464
elapsed_time_chunk=287.698922
