[results]
loss=2.965316
err=0.4638872
elapsed_time_chunk=259.873913
