[results]
loss=2.574123
err=0.4189899
elapsed_time_chunk=290.891752
