[results]
loss=1.9378223
err=0.33629903
elapsed_time_chunk=288.433762
