[results]
loss=1.9859742
err=0.34220898
elapsed_time_chunk=282.211401
