[results]
loss=1.9505941
err=0.3373849
elapsed_time_chunk=293.277480
