[results]
loss=5.609782
err=0.7197084
elapsed_time_chunk=146.327664
