[results]
loss=2.258389
err=0.3762087
elapsed_time_chunk=288.115764
