[results]
loss=1.9599432
err=0.34063852
elapsed_time_chunk=294.139487
