[results]
loss=2.0780241
err=0.35593686
elapsed_time_chunk=286.714481
