[results]
loss=1.9480457
err=0.3357578
elapsed_time_chunk=289.853223
