[results]
loss=2.6446471
err=0.42120993
elapsed_time_chunk=291.235851
