[results]
loss=1.9512935
err=0.33660364
elapsed_time_chunk=294.366170
