[results]
loss=1.965077
err=0.33843467
elapsed_time_chunk=289.069800
