[results]
loss=1.952308
err=0.3374978
elapsed_time_chunk=285.627414
