[results]
loss=1.9442767
err=0.33872235
elapsed_time_chunk=292.328310
