[results]
loss=4.4112134
err=0.61391777
elapsed_time_chunk=143.652679
