[results]
loss=1.9338589
err=0.33632138
elapsed_time_chunk=290.766605
