[results]
loss=1.9741693
err=0.34334263
elapsed_time_chunk=290.012130
