[results]
loss=2.500789
err=0.40808246
elapsed_time_chunk=292.753136
