[results]
loss=2.046481
err=0.34891713
elapsed_time_chunk=291.845199
