[results]
loss=2.0075357
err=0.3465337
elapsed_time_chunk=287.770968
