[results]
loss=1.9273248
err=0.33711997
elapsed_time_chunk=292.291300
