[results]
loss=2.6503654
err=0.42427355
elapsed_time_chunk=290.300003
