[results]
loss=1.9369221
err=0.33974433
elapsed_time_chunk=283.835914
