[results]
loss=1.9092726
err=0.33416042
elapsed_time_chunk=293.884169
