[results]
loss=1.9710752
err=0.34025088
elapsed_time_chunk=283.980711
