[results]
loss=1.9501555
err=0.33869383
elapsed_time_chunk=284.334167
