[results]
loss=1.9460841
err=0.33861992
elapsed_time_chunk=285.229916
