[results]
loss=2.0375047
err=0.35113844
elapsed_time_chunk=291.663569
