[results]
loss=1.972772
err=0.33812314
elapsed_time_chunk=286.282509
