[results]
loss=1.97449
err=0.3421237
elapsed_time_chunk=288.790792
