[results]
loss=7.719184
err=0.841706
elapsed_time_chunk=170.895762
