[results]
loss=1.950873
err=0.33869922
elapsed_time_chunk=292.414369
