[results]
loss=1.9956115
err=0.3397336
elapsed_time_chunk=291.968278
