[results]
loss=3.8765097
err=0.5568686
elapsed_time_chunk=223.812429
