[results]
loss=1.9203638
err=0.3356457
elapsed_time_chunk=292.550332
