[results]
loss=1.9855318
err=0.3430169
elapsed_time_chunk=290.179435
