[results]
loss=2.1573079
err=0.3669936
elapsed_time_chunk=291.220828
