[results]
loss=2.0183547
err=0.3488478
elapsed_time_chunk=289.838272
