[results]
loss=2.8026166
err=0.44014132
elapsed_time_chunk=286.601879
