[results]
loss=3.682157
err=0.5390201
elapsed_time_chunk=201.667984
