[results]
loss=1.952245
err=0.34010094
elapsed_time_chunk=291.296845
