[results]
loss=2.0127087
err=0.34359053
elapsed_time_chunk=289.786784
