[results]
loss=2.9979544
err=0.46657455
elapsed_time_chunk=259.360531
