[results]
loss=1.9282006
err=0.3343758
elapsed_time_chunk=292.377601
