[results]
loss=1.9466051
err=0.338259
elapsed_time_chunk=288.222556
