[results]
loss=1.9415177
err=0.33796123
elapsed_time_chunk=290.632185
