[results]
loss=3.7395315
err=0.54433465
elapsed_time_chunk=204.746812
