[results]
loss=3.0727272
err=0.4726039
elapsed_time_chunk=264.491577
