[results]
loss=2.107798
err=0.358726
elapsed_time_chunk=288.448458
