[results]
loss=2.1828754
err=0.36909664
elapsed_time_chunk=290.469712
