[results]
loss=1.9527131
err=0.33842602
elapsed_time_chunk=287.869354
