[results]
loss=2.191531
err=0.370424
elapsed_time_chunk=290.347195
