[results]
loss=1.9346493
err=0.33629167
elapsed_time_chunk=287.624555
