[results]
loss=2.2726095
err=0.37948382
elapsed_time_chunk=288.799239
