[results]
loss=1.937227
err=0.3374178
elapsed_time_chunk=290.531518
