[results]
loss=2.0185344
err=0.34483907
elapsed_time_chunk=290.196175
