[results]
loss=2.8045099
err=0.43942946
elapsed_time_chunk=288.555341
