[results]
loss=1.9788439
err=0.3431847
elapsed_time_chunk=287.663815
