[results]
loss=1.9418982
err=0.33827025
elapsed_time_chunk=284.556856
