[results]
loss=1.9250842
err=0.33547375
elapsed_time_chunk=287.816626
