[results]
loss=1.9484603
err=0.33807918
elapsed_time_chunk=291.569535
