[results]
loss=2.6126099
err=0.42048073
elapsed_time_chunk=293.841220
