[results]
loss=1.9358073
err=0.3358146
elapsed_time_chunk=287.866971
