[results]
loss=2.5126367
err=0.40893373
elapsed_time_chunk=289.723054
