[results]
loss=1.9644852
err=0.33856058
elapsed_time_chunk=287.157188
