[results]
loss=2.7595878
err=0.43695325
elapsed_time_chunk=292.097578
