[results]
loss=1.9738132
err=0.33872205
elapsed_time_chunk=290.865676
