[results]
loss=1.9507957
err=0.33964157
elapsed_time_chunk=288.139838
