[results]
loss=1.9282068
err=0.33545876
elapsed_time_chunk=290.965862
