[results]
loss=1.9450396
err=0.33958018
elapsed_time_chunk=284.955832
