[results]
loss=2.2838984
err=0.3824648
elapsed_time_chunk=291.055059
