[results]
loss=3.4463687
err=0.5158717
elapsed_time_chunk=199.445292
