[results]
loss=2.2759004
err=0.3763154
elapsed_time_chunk=288.620946
